"MarioLevel"
0,13,1
0,14,2
1,13,1
1,14,2
2,13,1
2,14,2
3,13,1
3,14,2
4,13,1
4,14,2
5,13,1
5,14,2
6,13,1
6,14,2
7,13,1
7,14,2
8,13,1
8,14,2
9,13,1
9,14,2
10,13,1
10,14,2
11,13,1
11,14,2
12,13,1
12,14,2
13,13,1
13,14,2
14,13,1
14,14,2
15,13,1
15,14,2
16,9,9
16,13,1
16,14,2
17,13,1
17,14,2
18,13,1
18,14,2
19,13,1
19,14,2
20,9,8
20,13,1
20,14,2
21,12,11
21,9,10
21,13,1
21,14,2
22,5,9
22,9,8
22,13,1
22,14,2
23,9,9
23,13,1
23,14,2
24,9,8
24,13,1
24,14,2
25,13,1
25,14,2
26,13,1
26,14,2
27,13,1
27,14,2
28,11,4
29,11,5
28,12,6
29,12,7
28,12,6
29,12,7
28,13,1
28,14,2
29,13,1
29,14,2
30,13,1
30,14,2
31,13,1
31,14,2
32,13,1
32,14,2
33,13,1
33,14,2
34,13,1
34,14,2
35,13,1
35,14,2
36,13,1
36,14,2
37,10,4
38,10,5
37,11,6
38,11,7
37,11,6
38,11,7
37,12,6
38,12,7
37,12,6
38,12,7
37,13,1
37,14,2
38,13,1
38,14,2
39,13,1
39,14,2
40,12,11
40,13,1
40,14,2
41,13,1
41,14,2
42,13,1
42,14,2
43,13,1
43,14,2
44,13,1
44,14,2
45,9,4
46,9,5
45,10,6
46,10,7
45,10,6
46,10,7
45,11,6
46,11,7
45,11,6
46,11,7
45,12,6
46,12,7
45,12,6
46,12,7
45,13,1
45,14,2
46,13,1
46,14,2
47,13,1
47,14,2
48,13,1
48,14,2
49,13,1
49,14,2
50,13,1
50,14,2
51,13,1
51,14,2
52,12,11
52,13,1
52,14,2
53,12,11
53,13,1
53,14,2
54,13,1
54,14,2
55,13,1
55,14,2
56,9,4
57,9,5
56,10,6
57,10,7
56,10,6
57,10,7
56,11,6
57,11,7
56,11,6
57,11,7
56,12,6
57,12,7
56,12,6
57,12,7
56,13,1
56,14,2
57,13,1
57,14,2
58,13,1
58,14,2
59,13,1
59,14,2
60,13,1
60,14,2
61,13,1
61,14,2
62,13,1
62,14,2
63,13,1
63,14,2
64,13,1
64,14,2
65,13,1
65,14,2
66,13,1
66,14,2
67,13,1
67,14,2
70,13,1
70,14,2
71,13,1
71,14,2
72,13,1
72,14,2
73,13,1
73,14,2
74,13,1
74,14,2
75,13,1
75,14,2
76,9,8
76,13,1
76,14,2
77,9,10
77,13,1
77,14,2
78,6,11
78,9,8
78,13,1
78,14,2
79,5,8
79,13,1
79,14,2
80,5,8
80,13,1
80,14,2
81,5,8
81,13,1
81,14,2
82,5,8
82,13,1
82,14,2
83,5,8
83,13,1
83,14,2
84,5,8
84,13,1
84,14,2
85,5,8
86,5,8
88,13,1
88,14,2
89,13,1
89,14,2
90,5,8
90,13,1
90,14,2
91,5,8
91,13,1
91,14,2
92,5,8
92,13,1
92,14,2
93,5,10
93,9,8
93,13,1
93,14,2
94,12,11
94,13,1
94,14,2
95,12,11
95,13,1
95,14,2
96,13,1
96,14,2
97,13,1
97,14,2
98,13,1
98,14,2
99,9,8
99,13,1
99,14,2
100,9,9
100,13,1
100,14,2
101,13,1
101,14,2
102,13,1
102,14,2
103,13,1
103,14,2
104,13,1
104,14,2
105,9,9
105,12,12
105,13,1
105,14,2
106,13,1
106,14,2
107,13,1
107,14,2
108,5,10
108,9,9
108,13,1
108,14,2
109,13,1
109,14,2
110,13,1
110,14,2
111,9,9
111,13,1
111,14,2
112,13,1
112,14,2
113,13,1
113,14,2
114,13,1
114,14,2
115,13,1
115,14,2
116,13,1
116,14,2
117,9,8
117,13,1
117,14,2
118,13,1
118,14,2
119,13,1
119,14,2
120,5,8
120,13,1
120,14,2
121,5,8
121,13,1
121,14,2
122,5,8
122,13,1
122,14,2
123,12,11
123,13,1
123,14,2
124,12,11
124,13,1
124,14,2
125,13,1
125,14,2
126,12,11
126,13,1
126,14,2
127,5,8
127,12,11
127,13,1
127,14,2
128,5,9
128,9,8
128,13,1
128,14,2
129,5,9
129,13,1
129,14,2
130,5,8
130,13,1
130,14,2
131,13,1
131,14,2
132,13,1
132,14,2
133,12,3
133,13,1
133,14,2
134,11,3
134,12,3
134,13,1
134,14,2
135,10,3
135,11,3
135,12,3
135,13,1
135,14,2
136,9,3
136,10,3
136,11,3
136,12,3
136,13,1
136,14,2
137,13,1
137,14,2
138,13,1
138,14,2
139,9,3
139,10,3
139,11,3
139,12,3
139,13,1
139,14,2
140,10,3
140,11,3
140,12,3
140,13,1
140,14,2
141,11,3
141,12,3
141,13,1
141,14,2
142,12,3
142,13,1
142,14,2
143,13,1
143,14,2
144,13,1
144,14,2
145,13,1
145,14,2
146,13,1
146,14,2
147,12,3
147,13,1
147,14,2
148,11,3
148,12,3
148,13,1
148,14,2
149,10,3
149,11,3
149,12,3
149,13,1
149,14,2
150,9,3
150,10,3
150,11,3
150,12,3
150,13,1
150,14,2
151,9,3
151,10,3
151,11,3
151,12,3
151,13,1
151,14,2
154,9,3
154,10,3
154,11,3
154,12,3
154,13,1
154,14,2
155,10,3
155,11,3
155,12,3
155,13,1
155,14,2
156,11,3
156,12,3
156,13,1
156,14,2
157,12,3
157,13,1
157,14,2
158,13,1
158,14,2
159,13,1
159,14,2
160,13,1
160,14,2
161,13,1
161,14,2
162,11,4
163,11,5
162,12,6
163,12,7
162,12,6
163,12,7
162,13,1
162,14,2
163,13,1
163,14,2
164,13,1
164,14,2
165,13,1
165,14,2
166,13,1
166,14,2
167,9,8
167,13,1
167,14,2
168,9,8
168,13,1
168,14,2
169,9,9
169,13,1
169,14,2
170,9,8
170,13,1
170,14,2
171,13,1
171,14,2
172,12,11
172,13,1
172,14,2
173,13,1
173,14,2
174,12,11
174,13,1
174,14,2
175,13,1
175,14,2
176,13,1
176,14,2
177,13,1
177,14,2
178,11,4
179,11,5
178,12,6
179,12,7
178,12,6
179,12,7
178,13,1
178,14,2
179,13,1
179,14,2
180,12,3
180,13,1
180,14,2
181,11,3
181,12,3
181,13,1
181,14,2
182,10,3
182,11,3
182,12,3
182,13,1
182,14,2
183,9,3
183,10,3
183,11,3
183,12,3
183,13,1
183,14,2
184,8,3
184,9,3
184,10,3
184,11,3
184,12,3
184,13,1
184,14,2
185,7,3
185,8,3
185,9,3
185,10,3
185,11,3
185,12,3
185,13,1
185,14,2
186,6,3
186,7,3
186,8,3
186,9,3
186,10,3
186,11,3
186,12,3
186,13,1
186,14,2
187,5,3
187,6,3
187,7,3
187,8,3
187,9,3
187,10,3
187,11,3
187,12,3
187,13,1
187,14,2
188,5,3
188,6,3
188,7,3
188,8,3
188,9,3
188,10,3
188,11,3
188,12,3
188,13,1
188,14,2
189,13,1
189,14,2
190,13,1
190,14,2
191,13,1
191,14,2
192,13,1
192,14,2
193,13,1
193,14,2
194,13,1
194,14,2
195,13,1
195,14,2
196,13,1
196,14,2
197,12,3
197,13,1
197,14,2
198,13,1
198,14,2
199,13,1
199,14,2
200,13,1
200,14,2
201,13,1
201,14,2
202,13,1
202,14,2
203,13,1
203,14,2
204,13,1
204,14,2


TestLevelB1

16,12,12
73,4,8
74,4,8
75,4,8
76,4,10
77,4,8
168,4,10
191,4,9
14,12,12
84,8,8
85,8,8
86,8,8
181,8,4
182,8,5
11,9,8
12,9,8
114,9,3
115,9,8
129,9,13
181,9,6
182,9,7
42,10,3
114,10,3
129,10,14
142,10,3
144,10,3
147,10,3
175,10,3
181,10,6
182,10,7
184,10,4
185,10,5
7,11,3
8,11,3
22,11,4
23,11,5
29,11,4
30,11,5
36,11,3
37,11,3
38,11,3
39,11,3
40,11,3
41,11,3
42,11,3
61,11,3
62,11,3
63,11,3
64,11,3
65,11,3
66,11,3
81,11,3
82,11,3
90,11,4
91,11,5
99,11,4
100,11,5
111,11,4
112,11,5
114,11,3
115,11,3
129,11,15
135,11,3
139,11,3
140,11,3
141,11,3
142,11,3
143,11,3
144,11,3
145,11,3
146,11,3
147,11,3
148,11,3
149,11,3
158,11,12
174,11,3
175,11,3
176,11,3
177,11,3
178,11,3
181,11,6
182,11,7
184,11,6
185,11,7
189,11,4
190,11,5
1,12,3
2,12,3
3,12,3
4,12,3
5,12,3
6,12,3
7,12,3
8,12,3
22,12,6
23,12,7
26,12,12
29,12,6
30,12,7
34,12,3
35,12,3
36,12,3
37,12,3
38,12,3
39,12,3
40,12,3
41,12,3
42,12,3
43,12,3
44,12,3
45,12,3
46,12,3
47,12,3
48,12,3
49,12,3
50,12,3
51,12,3
52,12,3
53,12,3
57,12,3
60,12,3
61,12,3
62,12,3
63,12,3
64,12,3
65,12,3
66,12,3
67,12,3
68,12,3
70,12,3
81,12,3
82,12,3
86,12,11
90,12,6
91,12,7
99,12,6
100,12,7
111,12,6
112,12,7
114,12,3
115,12,3
129,12,15
135,12,3
136,12,3
139,12,3
140,12,3
141,12,3
142,12,3
143,12,3
144,12,3
145,12,3
146,12,3
147,12,3
148,12,3
149,12,3
153,12,3
154,12,3
155,12,3
156,12,3
157,12,3
158,12,3
159,12,3
160,12,3
161,12,3
162,12,3
163,12,3
164,12,3
165,12,3
166,12,3
167,12,3
168,12,3
174,12,3
175,12,3
176,12,3
177,12,3
178,12,3
181,12,6
182,12,7
184,12,6
185,12,7
189,12,6
190,12,7
0,13,1
0,14,2
1,13,1
1,14,2
2,13,1
2,14,2
3,13,1
3,14,2
4,13,1
4,14,2
5,13,1
5,14,2
6,13,1
6,14,2
7,13,1
7,14,2
8,13,1
8,14,2
9,13,1
9,14,2
10,13,1
10,14,2
11,13,1
11,14,2
12,13,1
12,14,2
13,13,1
13,14,2
14,13,1
14,14,2
15,13,1
15,14,2
16,13,1
16,14,2
17,13,1
17,14,2
18,13,1
18,14,2
19,13,1
19,14,2
20,13,1
20,14,2
21,13,1
21,14,2
22,13,1
22,14,2
23,13,1
23,14,2
24,13,1
24,14,2
25,13,1
25,14,2
26,13,1
26,14,2
27,13,1
27,14,2
28,13,1
28,14,2
29,13,1
29,14,2
30,13,1
30,14,2
31,13,1
31,14,2
32,13,1
32,14,2
33,13,1
33,14,2
34,13,1
34,14,2
35,13,1
35,14,2
36,13,1
36,14,2
37,13,1
37,14,2
38,13,1
38,14,2
39,13,1
39,14,2
40,13,1
40,14,2
41,13,1
41,14,2
42,13,1
42,14,2
43,13,1
43,14,2
44,13,1
44,14,2
45,13,1
45,14,2
46,13,1
46,14,2
47,13,1
47,14,2
48,13,1
48,14,2
49,13,1
49,14,2
50,13,1
50,14,2
51,13,1
51,14,2
52,13,1
52,14,2
53,13,1
53,14,2
57,13,1
57,14,2
58,13,1
58,14,2
59,13,1
59,14,2
60,13,1
60,14,2
61,13,1
61,14,2
62,13,1
62,14,2
63,13,1
63,14,2
64,13,1
64,14,2
65,13,1
65,14,2
66,13,1
66,14,2
67,13,1
67,14,2
68,13,1
68,14,2
69,13,1
69,14,2
70,13,1
70,14,2
71,13,1
71,14,2
72,13,1
72,14,2
73,13,1
73,14,2
74,13,1
74,14,2
75,13,1
75,14,2
76,13,1
76,14,2
77,13,1
77,14,2
78,13,1
78,14,2
79,13,1
79,14,2
80,13,1
80,14,2
81,13,1
81,14,2
82,13,1
82,14,2
84,13,1
84,14,2
85,13,1
85,14,2
86,13,1
86,14,2
87,13,1
87,14,2
88,13,1
88,14,2
89,13,1
89,14,2
90,13,1
90,14,2
91,13,1
91,14,2
92,13,1
92,14,2
93,13,1
93,14,2
94,13,1
94,14,2
95,13,1
95,14,2
96,13,1
96,14,2
97,13,1
97,14,2
98,13,1
98,14,2
99,13,1
99,14,2
100,13,1
100,14,2
101,13,1
101,14,2
102,13,1
102,14,2
103,13,1
103,14,2
104,13,1
104,14,2
105,13,1
105,14,2
106,13,1
106,14,2
107,13,1
107,14,2
108,13,1
108,14,2
109,13,1
109,14,2
110,13,1
110,14,2
111,13,1
111,14,2
112,13,1
112,14,2
113,13,1
113,14,2
114,13,1
114,14,2
115,13,1
115,14,2
118,13,1
118,14,2
119,13,1
119,14,2
120,13,1
120,14,2
121,13,1
121,14,2
122,13,1
122,14,2
123,13,1
123,14,2
124,13,1
124,14,2
125,13,1
125,14,2
126,13,1
126,14,2
127,13,1
127,14,2
128,13,1
128,14,2
129,13,1
129,14,2
130,13,1
130,14,2
131,13,1
131,14,2
132,13,1
132,14,2
133,13,1
133,14,2
134,13,1
134,14,2
135,13,1
135,14,2
136,13,1
136,14,2
139,13,1
139,14,2
140,13,1
140,14,2
141,13,1
141,14,2
142,13,1
142,14,2
143,13,1
143,14,2
144,13,1
144,14,2
145,13,1
145,14,2
146,13,1
146,14,2
147,13,1
147,14,2
148,13,1
148,14,2
149,13,1
149,14,2
153,13,1
153,14,2
154,13,1
154,14,2
155,13,1
155,14,2
156,13,1
156,14,2
157,13,1
157,14,2
158,13,1
158,14,2
159,13,1
159,14,2
160,13,1
160,14,2
161,13,1
161,14,2
162,13,1
162,14,2
163,13,1
163,14,2
164,13,1
164,14,2
165,13,1
165,14,2
166,13,1
166,14,2
167,13,1
167,14,2
168,13,1
168,14,2
169,13,1
169,14,2
170,13,1
170,14,2
171,13,1
171,14,2
172,13,1
172,14,2
173,13,1
173,14,2
174,13,1
174,14,2
175,13,1
175,14,2
176,13,1
176,14,2
177,13,1
177,14,2
178,13,1
178,14,2
179,13,1
179,14,2
180,13,1
180,14,2
181,13,6
182,13,7
183,13,1
183,14,2
184,13,1
184,14,2
185,13,1
185,14,2
186,13,1
186,14,2
187,13,1
187,14,2
188,13,1
188,14,2
189,13,1
189,14,2
190,13,1
190,14,2
191,13,1
191,14,2
192,13,1
192,14,2
193,13,1
193,14,2
194,13,1
194,14,2
195,13,1
195,14,2
196,13,1
196,14,2
197,13,1
197,14,2
198,13,1
198,14,2
199,13,1
199,14,2




TestLevelB8

68,4,10
133,4,3
146,4,8
48,5,11
119,5,8
162,5,10
42,6,9
123,6,8
124,6,8
129,6,9
178,6,10
179,6,8
180,6,8
181,6,8
182,6,8
30,7,9
40,7,9
168,7,3
11,8,8
55,8,3
109,8,8
148,8,10
166,8,3
168,8,3
8,9,3
55,9,3
166,9,3
168,9,3
199,9,8
52,10,3
54,10,3
55,10,3
73,10,3
79,10,3
94,10,13
166,10,3
168,10,3
195,10,3
10,11,8
18,11,13
48,11,3
49,11,3
50,11,3
51,11,3
52,11,3
53,11,3
54,11,3
55,11,3
56,11,3
57,11,3
62,11,3
63,11,3
64,11,3
65,11,3
66,11,3
67,11,3
68,11,3
69,11,3
70,11,3
73,11,3
77,11,3
78,11,3
79,11,3
88,11,4
89,11,5
94,11,14
111,11,4
112,11,5
153,11,3
154,11,3
156,11,3
165,11,3
166,11,3
168,11,3
187,11,8
193,11,3
194,11,3
195,11,3
196,11,3
197,11,3
198,11,3
199,11,3
18,12,14
31,12,12
45,12,3
48,12,3
49,12,3
50,12,3
51,12,3
52,12,3
53,12,3
54,12,3
55,12,3
56,12,3
57,12,3
58,12,3
59,12,3
60,12,3
61,12,3
62,12,3
63,12,3
64,12,3
65,12,3
66,12,3
67,12,3
68,12,3
69,12,3
70,12,3
71,12,3
72,12,3
73,12,3
74,12,3
75,12,3
77,12,3
78,12,3
79,12,3
81,12,11
88,12,6
89,12,7
94,12,15
111,12,6
112,12,7
121,12,3
132,12,11
133,12,11
142,12,12
144,12,3
145,12,3
146,12,3
147,12,3
148,12,3
149,12,3
150,12,3
151,12,3
152,12,3
153,12,3
154,12,3
155,12,3
156,12,3
157,12,11
162,12,3
163,12,3
165,12,3
166,12,3
168,12,3
177,12,11
178,12,12
180,12,12
193,12,3
194,12,3
195,12,3
196,12,3
197,12,3
198,12,3
199,12,3
0,13,1
0,14,2
1,13,1
1,14,2
2,13,1
2,14,2
3,13,1
3,14,2
4,13,1
4,14,2
5,13,1
5,14,2
9,13,3
11,13,1
11,14,2
12,13,1
12,14,2
13,13,1
13,14,2
14,13,1
14,14,2
15,13,1
15,14,2
16,13,1
16,14,2
17,13,1
17,14,2
18,13,1
18,14,2
19,13,1
19,14,2
20,13,1
20,14,2
21,13,1
21,14,2
22,13,1
22,14,2
23,13,1
23,14,2
24,13,1
24,14,2
25,13,1
25,14,2
26,13,1
26,14,2
27,13,1
27,14,2
28,13,1
28,14,2
29,13,1
29,14,2
30,13,1
30,14,2
31,13,1
31,14,2
32,13,1
32,14,2
33,13,1
33,14,2
34,13,1
34,14,2
35,13,1
35,14,2
36,13,1
36,14,2
37,13,1
37,14,2
38,13,1
38,14,2
40,13,1
40,14,2
41,13,1
41,14,2
45,13,3
48,13,1
48,14,2
49,13,1
49,14,2
50,13,1
50,14,2
51,13,1
51,14,2
52,13,1
52,14,2
53,13,1
53,14,2
54,13,1
54,14,2
55,13,1
55,14,2
56,13,1
56,14,2
57,13,1
57,14,2
58,13,1
58,14,2
59,13,1
59,14,2
60,13,1
60,14,2
61,13,1
61,14,2
62,13,1
62,14,2
63,13,1
63,14,2
64,13,1
64,14,2
65,13,1
65,14,2
66,13,1
66,14,2
67,13,1
67,14,2
68,13,1
68,14,2
69,13,1
69,14,2
70,13,1
70,14,2
71,13,1
71,14,2
72,13,1
72,14,2
73,13,1
73,14,2
74,13,1
74,14,2
75,13,1
75,14,2
76,13,1
76,14,2
77,13,1
77,14,2
78,13,1
78,14,2
79,13,1
79,14,2
80,13,1
80,14,2
81,13,1
81,14,2
82,13,1
82,14,2
83,13,1
83,14,2
84,13,1
84,14,2
85,13,1
85,14,2
86,13,1
86,14,2
87,13,1
87,14,2
88,13,1
88,14,2
89,13,1
89,14,2
90,13,1
90,14,2
91,13,1
91,14,2
92,13,1
92,14,2
93,13,1
93,14,2
94,13,1
94,14,2
95,13,1
95,14,2
96,13,1
96,14,2
97,13,1
97,14,2
98,13,1
98,14,2
99,13,1
99,14,2
100,13,1
100,14,2
101,13,1
101,14,2
102,13,1
102,14,2
103,13,1
103,14,2
104,13,1
104,14,2
105,13,1
105,14,2
106,13,1
106,14,2
107,13,1
107,14,2
108,13,1
108,14,2
109,13,1
109,14,2
110,13,1
110,14,2
111,13,1
111,14,2
112,13,1
112,14,2
113,13,1
113,14,2
114,13,1
114,14,2
115,13,1
115,14,2
116,13,1
116,14,2
117,13,1
117,14,2
118,13,1
118,14,2
119,13,1
119,14,2
120,13,1
120,14,2
121,13,1
121,14,2
122,13,1
122,14,2
123,13,1
123,14,2
124,13,1
124,14,2
125,13,1
125,14,2
126,13,1
126,14,2
127,13,1
127,14,2
128,13,1
128,14,2
129,13,1
129,14,2
130,13,1
130,14,2
131,13,1
131,14,2
132,13,1
132,14,2
133,13,1
133,14,2
134,13,1
134,14,2
135,13,1
135,14,2
136,13,1
136,14,2
137,13,1
137,14,2
138,13,1
138,14,2
139,13,1
139,14,2
140,13,1
140,14,2
141,13,1
141,14,2
142,13,1
142,14,2
143,13,1
143,14,2
144,13,1
144,14,2
145,13,1
145,14,2
146,13,1
146,14,2
147,13,1
147,14,2
148,13,1
148,14,2
149,13,1
149,14,2
150,13,1
150,14,2
151,13,1
151,14,2
152,13,1
152,14,2
153,13,1
153,14,2
154,13,1
154,14,2
155,13,1
155,14,2
156,13,1
156,14,2
157,13,1
157,14,2
158,13,1
158,14,2
159,13,1
159,14,2
160,13,1
160,14,2
161,13,1
161,14,2
162,13,1
162,14,2
163,13,1
163,14,2
165,13,1
165,14,2
166,13,1
166,14,2
168,13,1
168,14,2
169,13,1
169,14,2
171,13,1
171,14,2
172,13,1
172,14,2
173,13,1
173,14,2
174,13,1
174,14,2
175,13,1
175,14,2
176,13,1
176,14,2
177,13,1
177,14,2
178,13,1
178,14,2
179,13,1
179,14,2
180,13,1
180,14,2
181,13,1
181,14,2
182,13,1
182,14,2
183,13,1
183,14,2
184,13,1
184,14,2
185,13,1
185,14,2
188,13,1
188,14,2
189,13,1
189,14,2
190,13,1
190,14,2
191,13,1
191,14,2
192,13,1
192,14,2
193,13,1
193,14,2
194,13,1
194,14,2
195,13,1
195,14,2
196,13,1
196,14,2
197,13,1
197,14,2
198,13,1
198,14,2
199,13,1
199,14,2




TestLevelB9
43,2,9
186,2,9
138,4,9
66,8,3
67,8,3
68,8,8
101,8,3
20,9,9
21,9,8
22,9,8
101,9,3
141,9,8
42,10,12
101,10,3
102,10,3
170,10,3
190,10,8
191,10,8
9,11,4
10,11,5
33,11,4
34,11,5
36,11,3
37,11,3
38,11,3
39,11,3
40,11,3
41,11,3
42,11,3
43,11,3
46,11,4
47,11,5
53,11,12
82,11,4
83,11,5
97,11,3
98,11,3
99,11,3
100,11,3
101,11,3
102,11,3
109,11,4
110,11,5
111,11,4
112,11,5
151,11,4
152,11,5
166,11,4
167,11,5
170,11,3
171,11,3
9,12,6
10,12,7
33,12,6
34,12,7
36,12,3
37,12,3
38,12,3
39,12,3
40,12,3
41,12,3
42,12,3
43,12,3
44,12,3
45,12,3
46,12,3
47,12,3
48,12,3
49,12,3
50,12,3
51,12,3
52,12,3
53,12,3
54,12,3
55,12,3
56,12,3
57,12,3
58,12,3
59,12,3
60,12,3
82,12,6
83,12,7
86,12,12
87,12,12
93,12,3
94,12,3
95,12,3
96,12,3
97,12,3
98,12,3
99,12,3
100,12,3
101,12,3
102,12,3
103,12,3
104,12,3
105,12,3
106,12,3
107,12,3
108,12,3
109,12,3
110,12,3
111,12,3
112,12,3
113,12,3
133,12,12
134,12,12
145,12,3
146,12,3
147,12,3
148,12,3
149,12,3
151,12,6
152,12,7
161,12,11
166,12,6
167,12,7
170,12,3
171,12,3
172,12,3
173,12,3
174,12,3
175,12,3
176,12,3
177,12,3
178,12,3
179,12,3
180,12,3
182,12,3
190,12,11
191,12,11
0,13,1
0,14,2
1,13,1
1,14,2
2,13,1
2,14,2
3,13,1
3,14,2
4,13,1
4,14,2
5,13,1
5,14,2
6,13,1
6,14,2
7,13,1
7,14,2
8,13,1
8,14,2
9,13,1
9,14,2
10,13,1
10,14,2
11,13,1
11,14,2
12,13,1
12,14,2
13,13,1
13,14,2
14,13,1
14,14,2
15,13,1
15,14,2
16,13,1
16,14,2
17,13,1
17,14,2
18,13,1
18,14,2
19,13,1
19,14,2
20,13,1
20,14,2
21,13,1
21,14,2
22,13,1
22,14,2
23,13,1
23,14,2
24,13,1
24,14,2
25,13,1
25,14,2
26,13,1
26,14,2
27,13,1
27,14,2
28,13,1
28,14,2
29,13,1
29,14,2
30,13,1
30,14,2
31,13,1
31,14,2
32,13,1
32,14,2
33,13,1
33,14,2
34,13,1
34,14,2
35,13,1
35,14,2
36,13,1
36,14,2
37,13,1
37,14,2
38,13,1
38,14,2
39,13,1
39,14,2
40,13,1
40,14,2
41,13,1
41,14,2
42,13,1
42,14,2
43,13,1
43,14,2
44,13,1
44,14,2
45,13,1
45,14,2
46,13,1
46,14,2
47,13,1
47,14,2
48,13,1
48,14,2
49,13,1
49,14,2
50,13,1
50,14,2
51,13,1
51,14,2
52,13,1
52,14,2
53,13,1
53,14,2
54,13,1
54,14,2
55,13,1
55,14,2
56,13,1
56,14,2
57,13,1
57,14,2
58,13,1
58,14,2
59,13,1
59,14,2
60,13,1
60,14,2
61,13,1
61,14,2
62,13,1
62,14,2
63,13,1
63,14,2
64,13,1
64,14,2
65,13,1
65,14,2
66,13,1
66,14,2
67,13,1
67,14,2
68,13,1
68,14,2
69,13,1
69,14,2
70,13,1
70,14,2
71,13,1
71,14,2
72,13,1
72,14,2
73,13,1
73,14,2
74,13,1
74,14,2
75,13,1
75,14,2
76,13,1
76,14,2
77,13,1
77,14,2
78,13,1
78,14,2
79,13,1
79,14,2
80,13,1
80,14,2
81,13,1
81,14,2
82,13,1
82,14,2
83,13,1
83,14,2
84,13,1
84,14,2
85,13,1
85,14,2
86,13,1
86,14,2
87,13,1
87,14,2
88,13,1
88,14,2
89,13,1
89,14,2
90,13,1
90,14,2
91,13,1
91,14,2
92,13,1
92,14,2
93,13,1
93,14,2
94,13,1
94,14,2
95,13,1
95,14,2
96,13,1
96,14,2
97,13,1
97,14,2
98,13,1
98,14,2
99,13,1
99,14,2
100,13,1
100,14,2
101,13,1
101,14,2
102,13,1
102,14,2
103,13,1
103,14,2
104,13,1
104,14,2
105,13,1
105,14,2
106,13,1
106,14,2
107,13,1
107,14,2
108,13,1
108,14,2
109,13,1
109,14,2
110,13,1
110,14,2
111,13,1
111,14,2
112,13,1
112,14,2
113,13,1
113,14,2
114,13,1
114,14,2
115,13,1
115,14,2
119,13,1
119,14,2
120,13,1
120,14,2
122,13,1
122,14,2
123,13,1
123,14,2
124,13,1
124,14,2
125,13,1
125,14,2
128,13,1
128,14,2
129,13,1
129,14,2
130,13,1
130,14,2
131,13,1
131,14,2
132,13,1
132,14,2
133,13,1
133,14,2
134,13,1
134,14,2
135,13,1
135,14,2
136,13,1
136,14,2
137,13,1
137,14,2
138,13,1
138,14,2
139,13,1
139,14,2
140,13,1
140,14,2
141,13,1
141,14,2
142,13,1
142,14,2
143,13,1
143,14,2
144,13,1
144,14,2
145,13,1
145,14,2
146,13,1
146,14,2
147,13,1
147,14,2
148,13,1
148,14,2
149,13,1
149,14,2
150,13,1
150,14,2
151,13,1
151,14,2
152,13,1
152,14,2
153,13,1
153,14,2
154,13,1
154,14,2
155,13,1
155,14,2
156,13,1
156,14,2
157,13,1
157,14,2
158,13,1
158,14,2
159,13,1
159,14,2
160,13,1
160,14,2
161,13,1
161,14,2
162,13,1
162,14,2
163,13,1
163,14,2
164,13,1
164,14,2
165,13,1
165,14,2
166,13,1
166,14,2
167,13,1
167,14,2
168,13,1
168,14,2
169,13,1
169,14,2
170,13,1
170,14,2
171,13,1
171,14,2
172,13,1
172,14,2
173,13,1
173,14,2
174,13,1
174,14,2
175,13,1
175,14,2
176,13,1
176,14,2
177,13,1
177,14,2
178,13,1
178,14,2
179,13,1
179,14,2
180,13,1
180,14,2
181,13,1
181,14,2
182,13,1
182,14,2
183,13,1
183,14,2
187,13,1
187,14,2
188,13,1
188,14,2
189,13,1
189,14,2
190,13,1
190,14,2
191,13,1
191,14,2
192,13,1
192,14,2
193,13,1
193,14,2
194,13,1
194,14,2
195,13,1
195,14,2
196,13,1
196,14,2
197,13,1
197,14,2
198,13,1
198,14,2
199,13,1
199,14,2




TestLevelB11
60,2,9
14,3,8
149,3,10
124,4,9
184,11,12
178,6,10
52,8,3
127,8,3
186,8,3
187,8,3
188,8,3
7,12,12
52,9,3
127,9,3
186,9,3
187,9,3
188,9,3
52,10,3
92,10,3
127,10,3
133,10,3
135,10,3
138,10,12
141,10,11
143,10,12
158,10,3
164,10,9
186,10,3
187,10,3
188,10,3
3,11,13
10,11,4
11,11,5
47,11,3
48,11,3
49,11,3
50,11,3
51,11,3
52,11,3
53,11,3
69,11,12
90,11,3
91,11,3
92,11,3
121,11,4
122,11,5
127,11,3
128,11,3
129,11,3
130,11,3
131,11,3
132,11,3
133,11,3
134,11,3
135,11,3
136,11,3
137,11,3
138,11,3
139,11,3
140,11,3
141,11,3
142,11,3
143,11,3
145,11,4
146,11,5
156,11,3
157,11,3
158,11,3
170,11,4
171,11,5
172,11,4
173,11,5
186,11,3
187,11,3
188,11,3
189,11,3
190,11,3
191,11,3
192,11,3
197,11,3
198,11,3
1,12,11
3,12,14
10,12,6
11,12,7
19,12,12
25,12,11
31,12,11
34,12,12
35,12,11
43,12,11
45,12,3
46,12,3
47,12,3
48,12,3
49,12,3
50,12,3
51,12,3
52,12,3
53,12,3
69,12,3
70,12,3
71,12,3
72,12,3
73,12,3
74,12,3
75,12,3
76,12,3
90,12,3
91,12,3
92,12,3
99,12,3
100,12,3
101,12,3
102,12,3
103,12,3
104,12,3
105,12,3
106,12,3
107,12,3
108,12,3
109,12,3
110,12,3
121,12,6
122,12,7
124,12,11
126,12,3
127,12,3
128,12,3
129,12,3
130,12,3
131,12,3
132,12,3
133,12,3
134,12,3
135,12,3
136,12,3
137,12,3
138,12,3
139,12,3
140,12,3
141,12,3
142,12,3
143,12,3
145,12,6
146,12,7
154,12,3
156,12,3
157,12,3
158,12,3
170,12,6
171,12,7
172,12,6
173,12,7
176,12,3
177,12,3
178,12,3
179,12,3
180,12,3
181,12,3
182,12,3
183,12,3
184,12,3
185,12,3
186,12,3
187,12,3
188,12,3
189,12,3
190,12,3
191,12,3
192,12,3
197,12,3
198,12,3
0,13,1
0,14,2
1,13,1
1,14,2
2,13,1
2,14,2
3,13,1
3,14,2
4,13,1
4,14,2
5,13,1
5,14,2
6,13,1
6,14,2
7,13,1
7,14,2
8,13,1
8,14,2
9,13,1
9,14,2
10,13,1
10,14,2
11,13,1
11,14,2
12,13,1
12,14,2
13,13,1
13,14,2
14,13,1
14,14,2
15,13,1
15,14,2
16,13,1
16,14,2
17,13,1
17,14,2
18,13,1
18,14,2
19,13,1
19,14,2
20,13,1
20,14,2
21,13,1
21,14,2
22,13,1
22,14,2
23,13,1
23,14,2
24,13,1
24,14,2
25,13,1
25,14,2
26,13,1
26,14,2
27,13,1
27,14,2
28,13,1
28,14,2
29,13,1
29,14,2
30,13,1
30,14,2
31,13,1
31,14,2
32,13,1
32,14,2
33,13,1
33,14,2
34,13,1
34,14,2
35,13,1
35,14,2
36,13,1
36,14,2
37,13,1
37,14,2
38,13,1
38,14,2
39,13,1
39,14,2
40,13,1
40,14,2
41,13,1
41,14,2
42,13,1
42,14,2
43,13,1
43,14,2
44,13,1
44,14,2
45,13,1
45,14,2
46,13,1
46,14,2
47,13,1
47,14,2
48,13,1
48,14,2
49,13,1
49,14,2
50,13,1
50,14,2
51,13,1
51,14,2
52,13,1
52,14,2
53,13,1
53,14,2
54,13,1
54,14,2
55,13,1
55,14,2
56,13,1
56,14,2
57,13,1
57,14,2
58,13,1
58,14,2
59,13,1
59,14,2
60,13,1
60,14,2
61,13,1
61,14,2
62,13,1
62,14,2
63,13,1
63,14,2
64,13,1
64,14,2
65,13,1
65,14,2
66,13,1
66,14,2
67,13,1
67,14,2
68,13,1
68,14,2
69,13,1
69,14,2
70,13,1
70,14,2
71,13,1
71,14,2
72,13,1
72,14,2
73,13,1
73,14,2
74,13,1
74,14,2
75,13,1
75,14,2
76,13,1
76,14,2
77,13,1
77,14,2
78,13,1
78,14,2
79,13,1
79,14,2
80,13,1
80,14,2
81,13,1
81,14,2
82,13,1
82,14,2
83,13,1
83,14,2
84,13,1
84,14,2
85,13,1
85,14,2
86,13,1
86,14,2
87,13,1
87,14,2
88,13,1
88,14,2
90,13,1
90,14,2
91,13,1
91,14,2
92,13,1
92,14,2
93,13,1
93,14,2
94,13,1
94,14,2
95,13,1
95,14,2
96,13,1
96,14,2
97,13,1
97,14,2
99,13,1
99,14,2
100,13,1
100,14,2
101,13,1
101,14,2
102,13,1
102,14,2
103,13,1
103,14,2
104,13,1
104,14,2
105,13,1
105,14,2
106,13,1
106,14,2
107,13,1
107,14,2
108,13,1
108,14,2
109,13,1
109,14,2
110,13,1
110,14,2
111,13,1
111,14,2
118,13,1
118,14,2
119,13,1
119,14,2
120,13,1
120,14,2
121,13,1
121,14,2
122,13,1
122,14,2
123,13,1
123,14,2
124,13,1
124,14,2
125,13,1
125,14,2
126,13,1
126,14,2
127,13,1
127,14,2
128,13,1
128,14,2
129,13,1
129,14,2
130,13,1
130,14,2
131,13,1
131,14,2
132,13,1
132,14,2
133,13,1
133,14,2
134,13,1
134,14,2
135,13,1
135,14,2
136,13,1
136,14,2
137,13,1
137,14,2
138,13,1
138,14,2
139,13,1
139,14,2
140,13,1
140,14,2
141,13,1
141,14,2
142,13,1
142,14,2
143,13,1
143,14,2
144,13,1
144,14,2
145,13,1
145,14,2
146,13,1
146,14,2
147,13,1
147,14,2
148,13,1
148,14,2
149,13,1
149,14,2
150,13,1
150,14,2
151,13,1
151,14,2
152,13,1
152,14,2
154,13,1
154,14,2
155,13,1
155,14,2
156,13,1
156,14,2
157,13,1
157,14,2
158,13,1
158,14,2
159,13,1
159,14,2
165,13,1
165,14,2
166,13,1
166,14,2
167,13,1
167,14,2
168,13,1
168,14,2
169,13,1
169,14,2
170,13,1
170,14,2
171,13,1
171,14,2
172,13,1
172,14,2
173,13,1
173,14,2
174,13,1
174,14,2
175,13,1
175,14,2
176,13,1
176,14,2
177,13,1
177,14,2
178,13,1
178,14,2
179,13,1
179,14,2
180,13,1
180,14,2
181,13,1
181,14,2
182,13,1
182,14,2
183,13,1
183,14,2
184,13,1
184,14,2
185,13,1
185,14,2
186,13,1
186,14,2
187,13,1
187,14,2
188,13,1
188,14,2
189,13,1
189,14,2
190,13,1
190,14,2
191,13,1
191,14,2
192,13,1
192,14,2
197,13,1
197,14,2
198,13,1
198,14,2









TestLevelB13
29,9,12
121,12,12
25,9,11
67,12,11
199,5,8
111,12,12
185,8,3
189,8,8
190,8,8
191,8,8
37,9,8
38,9,8
62,12,11
89,9,3
90,9,8
113,9,3
153,12,12
185,9,3
23,10,3
26,10,3
40,10,9
41,10,8
42,10,8
49,10,3
86,10,3
88,10,3
89,10,3
115,10,10
116,10,8
133,10,3
161,10,3
191,10,8
192,10,8
193,10,8
14,11,4
15,11,5
20,11,3
21,11,3
22,11,3
23,11,3
24,11,3
25,11,3
26,11,3
27,11,3
28,11,3
29,11,3
30,11,3
42,11,3
43,11,3
44,11,3
45,11,3
46,11,3
47,11,3
48,11,3
49,11,3
50,11,3
53,11,12
54,11,12
55,11,11
65,11,4
66,11,5
76,11,3
77,11,3
80,11,12
81,11,12
83,11,11
86,11,3
87,11,3
88,11,3
89,11,3
90,11,3
91,11,3
92,11,3
93,11,3
94,11,3
95,11,3
101,11,12
133,11,4
134,11,5
142,11,4
143,11,5
151,11,4
152,11,5
160,11,3
161,11,3
169,11,4
170,11,5
3,12,12
4,12,11
12,12,11
14,12,6
15,12,7
19,12,3
20,12,3
21,12,3
22,12,3
23,12,3
24,12,3
25,12,3
26,12,3
27,12,3
28,12,3
29,12,3
30,12,3
31,12,3
32,12,3
33,12,3
34,12,3
35,12,3
36,12,8
37,12,9
42,12,3
43,12,3
44,12,3
45,12,3
46,12,3
47,12,3
48,12,3
49,12,3
50,12,3
51,12,3
52,12,3
53,12,3
54,12,3
55,12,3
56,12,3
65,12,6
66,12,7
76,12,3
77,12,3
78,12,3
79,12,3
80,12,3
81,12,3
82,12,3
83,12,3
84,12,3
85,12,3
86,12,3
87,12,3
88,12,3
89,12,3
90,12,3
91,12,3
92,12,3
93,12,3
94,12,3
95,12,3
105,12,12
119,12,11
120,12,12
132,12,3
133,12,3
134,12,3
135,12,3
136,12,3
142,12,6
143,12,7
144,12,12
151,12,6
152,12,7
159,12,3
160,12,3
161,12,3
167,12,3
168,12,3
169,12,3
170,12,3
171,12,3
172,12,3
173,12,3
174,12,3
194,12,11
0,13,1
0,14,2
1,13,1
1,14,2
2,13,1
2,14,2
3,13,1
3,14,2
4,13,1
4,14,2
5,13,1
5,14,2
6,13,1
6,14,2
7,13,1
7,14,2
8,13,1
8,14,2
9,13,1
9,14,2
10,13,1
10,14,2
11,13,1
11,14,2
12,13,1
12,14,2
13,13,1
13,14,2
14,13,1
14,14,2
15,13,1
15,14,2
16,13,1
16,14,2
17,13,1
17,14,2
18,13,1
18,14,2
19,13,1
19,14,2
20,13,1
20,14,2
21,13,1
21,14,2
22,13,1
22,14,2
23,13,1
23,14,2
24,13,1
24,14,2
25,13,1
25,14,2
26,13,1
26,14,2
27,13,1
27,14,2
28,13,1
28,14,2
29,13,1
29,14,2
30,13,1
30,14,2
31,13,1
31,14,2
32,13,1
32,14,2
33,13,1
33,14,2
34,13,1
34,14,2
35,13,1
35,14,2
42,13,1
42,14,2
43,13,1
43,14,2
44,13,1
44,14,2
45,13,1
45,14,2
46,13,1
46,14,2
47,13,1
47,14,2
48,13,1
48,14,2
49,13,1
49,14,2
50,13,1
50,14,2
51,13,1
51,14,2
52,13,1
52,14,2
53,13,1
53,14,2
54,13,1
54,14,2
55,13,1
55,14,2
56,13,1
56,14,2
57,13,1
57,14,2
58,13,1
58,14,2
59,13,1
59,14,2
62,13,1
62,14,2
63,13,1
63,14,2
64,13,1
64,14,2
65,13,1
65,14,2
66,13,1
66,14,2
67,13,1
67,14,2
68,13,1
68,14,2
69,13,1
69,14,2
70,13,1
70,14,2
71,13,1
71,14,2
72,13,1
72,14,2
73,13,1
73,14,2
74,13,1
74,14,2
75,13,1
75,14,2
76,13,1
76,14,2
77,13,1
77,14,2
78,13,1
78,14,2
79,13,1
79,14,2
80,13,1
80,14,2
81,13,1
81,14,2
82,13,1
82,14,2
83,13,1
83,14,2
84,13,1
84,14,2
85,13,1
85,14,2
86,13,1
86,14,2
87,13,1
87,14,2
88,13,1
88,14,2
89,13,1
89,14,2
90,13,1
90,14,2
91,13,1
91,14,2
92,13,1
92,14,2
93,13,1
93,14,2
94,13,1
94,14,2
95,13,1
95,14,2
96,13,1
96,14,2
97,13,1
97,14,2
98,13,1
98,14,2
99,13,1
99,14,2
100,13,1
100,14,2
101,13,1
101,14,2
102,13,1
102,14,2
103,13,1
103,14,2
104,13,1
104,14,2
105,13,1
105,14,2
106,13,1
106,14,2
107,13,1
107,14,2
108,13,1
108,14,2
109,13,1
109,14,2
110,13,1
110,14,2
111,13,1
111,14,2
112,13,1
112,14,2
113,13,1
113,14,2
114,13,1
114,14,2
115,13,1
115,14,2
116,13,1
116,14,2
117,13,1
117,14,2
118,13,1
118,14,2
119,13,1
119,14,2
120,13,1
120,14,2
121,13,1
121,14,2
122,13,1
122,14,2
123,13,1
123,14,2
124,13,1
124,14,2
125,13,1
125,14,2
126,13,1
126,14,2
127,13,1
127,14,2
128,13,1
128,14,2
129,13,1
129,14,2
130,13,1
130,14,2
131,13,1
131,14,2
132,13,1
132,14,2
133,13,1
133,14,2
134,13,1
134,14,2
135,13,1
135,14,2
136,13,1
136,14,2
137,13,1
137,14,2
138,13,1
138,14,2
139,13,1
139,14,2
140,13,1
140,14,2
141,13,1
141,14,2
142,13,1
142,14,2
143,13,1
143,14,2
144,13,1
144,14,2
145,13,1
145,14,2
146,13,1
146,14,2
147,13,1
147,14,2
148,13,1
148,14,2
149,13,1
149,14,2
150,13,1
150,14,2
151,13,1
151,14,2
152,13,1
152,14,2
153,13,1
153,14,2
154,13,1
154,14,2
155,13,1
155,14,2
156,13,1
156,14,2
157,13,1
157,14,2
158,13,1
158,14,2
159,13,1
159,14,2
160,13,1
160,14,2
161,13,1
161,14,2
165,13,1
165,14,2
166,13,1
166,14,2
167,13,1
167,14,2
168,13,1
168,14,2
169,13,1
169,14,2
170,13,1
170,14,2
171,13,1
171,14,2
172,13,1
172,14,2
173,13,1
173,14,2
174,13,1
174,14,2
175,13,1
175,14,2
176,13,1
176,14,2
177,13,1
177,14,2
178,13,1
178,14,2
179,13,1
179,14,2
180,13,1
180,14,2
181,13,1
181,14,2
182,13,1
182,14,2
183,13,1
183,14,2
184,13,1
184,14,2
185,13,1
185,14,2
186,13,1
186,14,2
187,13,1
187,14,2
188,13,1
188,14,2
189,13,1
189,14,2
190,13,1
190,14,2
191,13,1
191,14,2
192,13,1
192,14,2
193,13,1
193,14,2
194,13,1
194,14,2
195,13,1
195,14,2
196,13,1
196,14,2
197,13,1
197,14,2
198,13,1
198,14,2
199,13,1
199,14,2








TestLevelC0
0,13,1
0,14,2
1,13,1
1,14,2
2,13,1
2,14,2
3,13,1
3,14,2
4,13,1
4,14,2
5,13,1
5,14,2
6,13,1
6,14,2
7,13,1
7,14,2
8,13,1
8,14,2
9,13,1
9,14,2
10,13,1
10,14,2
11,13,1
11,14,2
12,13,1
12,14,2
13,13,1
13,14,2
14,13,1
14,14,2
16,11,3
16,12,3
16,9,3
17,9,3
16,10,3
17,10,3
17,11,3
17,12,3
18,9,3
18,11,3
18,12,3
15,13,1
15,14,2
16,13,1
16,14,2
17,13,1
17,14,2
18,13,1
18,14,2
19,13,1
19,14,2
20,13,1
20,14,2
21,13,1
21,14,2
22,13,1
22,14,2
23,13,1
23,14,2
24,13,1
24,14,2
25,13,1
25,14,2
26,13,1
26,14,2
27,13,1
27,14,2
28,13,1
28,14,2
23,11,6
24,11,7
23,12,6
24,12,7
23,10,4
24,10,5
36,12,11
30,9,9
33,13,1
33,14,2
34,13,1
34,14,2
35,13,1
35,14,2
36,13,1
36,14,2
37,13,1
37,14,2
38,13,1
38,14,2
39,13,1
39,14,2
40,13,1
40,14,2
43,11,3
43,10,3
45,9,3
45,11,3
45,10,3
47,8,3
47,9,3
47,10,3
47,11,3
47,6,3
47,7,3
48,5,3
49,5,3
48,9,3
49,9,3
49,6,3
49,7,3
49,10,3
49,11,3
49,8,3
41,13,1
41,14,2
42,13,1
42,14,2
43,13,1
43,14,2
44,13,1
44,14,2
38,12,6
39,12,7
38,11,4
39,11,5
58,11,3
58,10,3
60,9,3
60,11,3
60,10,3
62,8,3
62,9,3
62,10,3
62,11,3
62,6,3
62,7,3
63,5,3
64,5,3
63,9,3
64,9,3
64,6,3
64,7,3
64,10,3
64,11,3
64,8,3
52,13,1
52,14,2
53,13,1
53,14,2
54,13,1
54,14,2
55,13,1
55,14,2
56,13,1
56,14,2
57,13,1
57,14,2
58,13,1
58,14,2
59,13,1
59,14,2
53,12,6
54,12,7
53,11,4
54,11,5
66,13,1
66,14,2
69,6,8
69,12,3
70,11,3
70,12,3
71,12,3
71,10,3
71,11,3
72,11,3
72,12,3
72,9,3
72,10,3
73,10,3
73,11,3
73,8,3
74,8,3
73,9,3
74,9,3
73,12,3
74,10,3
74,11,3
74,12,3
74,7,3
68,13,1
68,14,2
69,13,1
69,14,2
70,13,1
70,14,2
71,13,1
71,14,2
72,13,1
72,14,2
73,13,1
73,14,2
74,13,1
74,14,2
75,13,1
75,14,2
76,13,1
76,14,2
77,13,1
77,14,2
78,13,1
78,14,2
79,13,1
79,14,2
80,13,1
80,14,2
81,13,1
81,14,2
64,8,8
90,11,3
90,12,3
91,12,3
91,10,3
91,11,3
92,10,3
92,11,3
92,12,3
92,9,3
93,9,3
93,10,3
93,11,3
93,12,3
93,8,3
94,8,3
94,9,3
94,10,3
94,11,3
94,12,3
94,7,3
89,11,11
82,5,8
83,5,8
85,13,1
85,14,2
86,13,1
86,14,2
87,13,1
87,14,2
88,13,1
88,14,2
89,13,1
89,14,2
90,13,1
90,14,2
91,13,1
91,14,2
92,13,1
92,14,2
93,13,1
93,14,2
95,11,3
95,12,3
96,12,3
96,10,3
96,11,3
97,10,3
97,11,3
97,12,3
95,9,3
95,10,3
96,9,3
97,8,3
97,9,3
98,8,3
98,9,3
98,10,3
98,11,3
98,12,3
97,7,3
98,7,3
99,6,3
99,7,3
99,8,3
99,9,3
99,10,3
99,11,3
99,12,3
100,9,3
100,12,3
98,6,3
100,6,3
100,7,3
100,8,3
100,10,3
100,11,3
101,7,8
102,7,8
94,13,1
94,14,2
95,13,1
95,14,2
96,13,1
96,14,2
97,13,1
97,14,2
98,13,1
98,14,2
99,13,1
99,14,2
98,14,3
99,14,3
99,13,3
99,11,6
100,11,7
99,12,6
100,12,7
99,13,6
100,13,7
99,10,4
100,10,5
96,13,1
96,14,2
98,13,3
97,13,1
97,14,2
98,13,1
98,14,2
99,13,1
99,14,2
100,13,1
100,14,2
101,13,1
101,14,2
102,13,1
102,14,2
103,13,1
103,14,2
104,13,1
104,14,2
105,13,1
105,14,2
106,13,1
106,14,2
107,13,1
107,14,2
108,13,1
108,14,2
109,13,1
109,14,2
110,13,1
110,14,2
102,11,3
102,12,3
103,11,3
103,12,3
104,10,3
104,11,3
104,12,3
105,9,3
105,10,3
105,11,3
105,12,3
105,8,3
106,8,3
106,9,3
106,11,3
106,12,3
106,10,3
106,7,3
107,7,3
107,9,3
107,10,3
107,11,3
107,8,3
107,12,3
107,6,3
108,6,3
108,7,3
108,8,3
108,9,3
108,10,3
108,11,3
109,9,3
108,5,3
109,5,3
109,6,3
109,7,3
109,8,3
109,10,3
109,11,3
109,12,3
112,11,3
112,12,3
113,11,3
113,12,3
113,10,3
114,10,3
114,11,3
114,12,3
115,10,3
114,9,3
115,9,3
115,11,3
115,12,3
116,9,3
116,10,3
116,11,3
116,12,3
116,7,3
116,8,3
117,9,3
117,10,3
117,12,3
117,8,3
117,11,3
118,10,3
118,11,3
118,12,3
118,8,3
118,9,3
117,6,3
117,7,3
118,6,3
118,7,3
119,7,8
120,7,8
113,13,1
113,14,2
114,13,1
114,14,2
115,13,1
115,14,2
116,13,1
116,14,2
117,13,1
117,14,2
118,13,1
118,14,2
124,8,9
119,13,1
119,14,2
120,13,1
120,14,2
121,13,1
121,14,2
122,13,1
122,14,2
123,13,1
123,14,2
124,13,1
124,14,2
125,13,1
125,14,2
141,12,11
137,11,3
137,12,3
137,10,3
130,13,1
130,14,2
131,13,1
131,14,2
132,13,1
132,14,2
133,13,1
133,14,2
134,13,1
134,14,2
135,13,1
135,14,2
136,13,1
136,14,2
137,13,1
137,14,2
138,13,1
138,14,2
139,13,1
139,14,2
140,13,1
140,14,2
141,13,1
141,14,2
142,13,1
142,14,2
143,13,1
143,14,2
144,13,1
144,14,2
147,12,3
145,13,1
145,14,2
146,13,1
146,14,2
147,13,1
147,14,2
148,13,1
148,14,2
149,13,1
149,14,2
150,13,1
150,14,2
151,13,1
151,14,2
152,13,1
152,14,2
153,13,1
153,14,2
154,13,1
154,14,2
155,13,1
155,14,2
156,13,1
156,14,2
157,13,1
157,14,2
158,13,1
158,14,2
18,10,3
44,11,3
44,10,3
46,9,3
46,11,3
46,10,3
48,8,3
48,10,3
48,11,3
48,6,3
48,7,3
59,11,3
59,10,3
61,9,3
61,11,3
61,10,3
63,8,3
63,10,3
63,11,3
63,6,3
63,7,3
67,13,1
67,14,2
108,12,3







TestLevelC5
0,13,1
0,14,2
1,13,1
1,14,2
2,13,1
2,14,2
3,13,1
3,14,2
4,13,1
4,14,2
5,13,1
5,14,2
6,13,1
6,14,2
7,13,1
7,14,2
8,13,1
8,14,2
9,13,1
9,14,2
10,13,1
10,14,2
11,13,1
11,14,2
12,13,1
12,14,2
13,13,1
13,14,2
14,13,1
14,14,2
15,13,1
15,14,2
16,13,1
16,14,2
17,13,1
17,14,2
18,13,1
18,14,2
19,13,1
19,14,2
20,13,1
20,14,2
21,13,1
21,14,2
22,13,1
22,14,2
23,13,1
23,14,2
24,13,1
24,14,2
25,13,1
25,14,2
26,13,1
26,14,2
27,13,1
27,14,2
28,13,1
28,14,2
29,13,1
29,14,2
30,13,1
30,14,2
39,11,4
40,11,5
32,9,9
33,9,8
34,9,8
33,5,10
39,12,6
40,12,7
31,13,1
31,14,2
32,13,1
32,14,2
33,13,1
33,14,2
34,13,1
34,14,2
35,13,1
35,14,2
36,13,1
36,14,2
37,13,1
37,14,2
38,13,1
38,14,2
39,13,1
39,14,2
40,13,1
40,14,2
41,13,1
41,14,2
42,13,1
42,14,2
43,13,1
43,14,2
44,13,1
44,14,2
45,13,1
45,14,2
50,12,12
46,13,1
46,14,2
47,13,1
47,14,2
48,13,1
48,14,2
49,13,1
49,14,2
50,13,1
50,14,2
51,13,1
51,14,2
52,13,1
52,14,2
53,13,1
53,14,2
54,13,1
54,14,2
55,13,1
55,14,2
58,13,1
58,14,2
59,13,1
59,14,2
60,13,1
60,14,2
69,11,4
70,11,5
57,9,9
63,9,8
64,9,8
61,13,1
61,14,2
62,13,1
62,14,2
63,13,1
63,14,2
64,13,1
64,14,2
65,13,1
65,14,2
66,13,1
66,14,2
67,13,1
67,14,2
68,13,1
68,14,2
69,13,1
69,14,2
70,13,1
70,14,2
71,13,1
71,14,2
72,13,1
72,14,2
73,13,1
73,14,2
74,13,1
74,14,2
75,13,1
75,14,2
63,5,10
69,12,6
70,12,7
85,10,6
86,10,7
85,11,6
86,11,7
85,12,6
86,12,7
85,9,4
86,9,5
76,13,1
76,14,2
77,13,1
77,14,2
78,13,1
78,14,2
79,13,1
79,14,2
80,13,1
80,14,2
81,13,1
81,14,2
82,13,1
82,14,2
83,13,1
83,14,2
84,13,1
84,14,2
85,13,1
85,14,2
86,13,1
86,14,2
97,13,1
97,14,2
98,13,1
98,14,2
99,13,1
99,14,2
100,13,1
100,14,2
101,13,1
101,14,2
102,13,1
102,14,2
103,13,1
103,14,2
104,13,1
104,14,2
105,13,1
105,14,2
104,9,4
105,9,5
104,10,6
105,10,7
104,11,6
105,11,7
104,12,6
105,12,7
95,13,1
95,14,2
96,13,1
96,14,2
108,13,1
108,14,2
109,13,1
109,14,2
110,13,1
110,14,2
111,13,1
111,14,2
112,13,1
112,14,2
113,13,1
113,14,2
114,13,1
114,14,2
115,13,1
115,14,2
116,13,1
116,14,2
117,13,1
117,14,2
118,13,1
118,14,2
119,13,1
119,14,2
120,13,1
120,14,2
121,13,1
121,14,2
122,13,1
122,14,2
116,10,6
117,10,7
116,11,6
117,11,7
116,12,6
117,12,7
116,9,4
117,9,5
126,9,9
123,13,1
123,14,2
124,13,1
124,14,2
125,13,1
125,14,2
126,13,1
126,14,2
127,13,1
127,14,2
128,13,1
128,14,2
129,13,1
129,14,2
130,13,1
130,14,2
131,13,1
131,14,2
132,13,1
132,14,2
133,13,1
133,14,2
134,13,1
134,14,2
135,13,1
135,14,2
130,9,4
131,9,5
130,10,6
131,10,7
130,11,6
131,11,7
130,12,6
131,12,7
142,12,11
55,12,11
136,9,9
139,13,1
139,14,2
140,13,1
140,14,2
141,13,1
141,14,2
142,13,1
142,14,2
143,13,1
143,14,2
144,13,1
144,14,2
145,13,1
145,14,2
146,13,1
146,14,2
147,13,1
147,14,2
148,13,1
148,14,2
149,13,1
149,14,2
150,13,1
150,14,2
151,13,1
151,14,2
152,13,1
152,14,2
153,13,1
153,14,2
154,13,1
154,14,2
155,13,1
155,14,2
156,13,1
156,14,2
157,13,1
157,14,2
151,10,6
152,10,7
151,11,6
152,11,7
151,12,6
152,12,7
151,9,4
152,9,5
158,11,3
158,12,3
158,9,3
159,9,3
158,10,3
159,10,3
159,11,3
159,12,3
160,9,3
160,11,3
160,12,3
158,13,1
158,14,2
159,13,1
159,14,2
160,13,1
160,14,2
161,13,1
161,14,2
162,13,1
162,14,2
163,13,1
163,14,2
164,13,1
164,14,2
165,13,1
165,14,2
166,13,1
166,14,2
167,13,1
167,14,2
168,13,1
168,14,2
169,13,1
169,14,2
170,13,1
170,14,2
171,13,1
171,14,2
166,11,6
167,11,7
166,12,6
167,12,7
166,10,4
167,10,5
170,12,3
171,11,3
172,11,3
171,12,3
172,12,3
172,10,3
173,10,3
173,11,3
173,12,3
173,9,3
174,11,3
174,12,3
174,9,3
175,9,3
174,10,3
175,11,3
175,12,3
173,13,1
173,14,2
174,13,1
174,14,2
175,13,1
175,14,2
176,13,1
176,14,2
177,13,1
177,14,2
178,13,1
178,14,2
179,13,1
179,14,2
180,13,1
180,14,2
181,13,1
181,14,2
182,13,1
182,14,2
183,13,1
183,14,2
184,13,1
184,14,2
185,13,1
185,14,2
186,13,1
186,14,2
181,11,6
182,11,7
181,12,6
182,12,7
181,10,4
182,10,5
193,8,9
188,13,1
188,14,2
189,13,1
189,14,2
190,13,1
190,14,2
191,13,1
191,14,2
192,13,1
192,14,2
193,13,1
193,14,2
194,13,1
194,14,2
205,11,3
205,10,3
207,9,3
207,11,3
207,10,3
209,8,3
209,9,3
209,10,3
209,11,3
209,6,3
209,7,3
210,5,3
211,5,3
210,9,3
211,9,3
211,6,3
211,7,3
211,10,3
211,11,3
211,8,3
198,13,1
198,14,2
199,13,1
199,14,2
200,13,1
200,14,2
201,13,1
201,14,2
202,13,1
202,14,2
203,13,1
203,14,2
204,13,1
204,14,2
205,13,1
205,14,2
200,12,6
201,12,7
200,11,4
201,11,5
220,11,3
220,10,3
222,9,3
222,11,3
222,10,3
224,8,3
224,9,3
224,10,3
224,11,3
224,6,3
224,7,3
225,5,3
226,5,3
225,9,3
226,9,3
226,6,3
226,7,3
226,10,3
226,11,3
226,8,3
213,13,1
213,14,2
214,13,1
214,14,2
215,13,1
215,14,2
216,13,1
216,14,2
217,13,1
217,14,2
218,13,1
218,14,2
219,13,1
219,14,2
220,13,1
220,14,2
214,12,6
215,12,7
214,11,4
215,11,5
235,11,3
235,12,3
236,12,3
236,10,3
236,11,3
237,10,3
237,11,3
237,12,3
237,9,3
238,9,3
238,10,3
238,11,3
238,12,3
238,8,3
239,8,3
239,9,3
239,10,3
239,11,3
239,12,3
239,7,3
235,10,11
228,5,8
229,5,8
231,13,1
231,14,2
232,13,1
232,14,2
233,13,1
233,14,2
234,13,1
234,14,2
235,13,1
235,14,2
236,13,1
236,14,2
237,13,1
237,14,2
238,13,1
238,14,2
239,13,1
239,14,2
240,12,3
240,13,1
240,14,2
241,13,1
241,14,2
242,13,1
242,14,2
243,13,1
243,14,2
244,13,1
244,14,2
245,13,1
245,14,2
246,13,1
246,14,2
247,13,1
247,14,2
248,13,1
248,14,2
249,13,1
249,14,2
250,13,1
250,14,2
251,13,1
251,14,2
160,10,3
172,13,1
172,14,2
175,10,3
206,11,3
206,10,3
208,9,3
208,11,3
208,10,3
210,8,3
210,10,3
210,11,3
210,6,3
210,7,3
221,11,3
221,10,3
223,9,3
223,11,3
223,10,3
225,8,3
225,10,3
225,11,3
225,6,3
225,7,3







TestLevelc13
0,13,1
0,14,2
1,13,1
1,14,2
2,13,1
2,14,2
3,13,1
3,14,2
4,13,1
4,14,2
5,13,1
5,14,2
6,13,1
6,14,2
7,13,1
7,14,2
8,13,1
8,14,2
9,13,1
9,14,2
10,13,1
10,14,2
11,13,1
11,14,2
12,13,1
12,14,2
13,13,1
13,14,2
14,13,1
14,14,2
21,12,3
22,11,3
23,11,3
22,12,3
23,12,3
23,10,3
24,10,3
24,11,3
24,12,3
24,9,3
25,9,3
25,10,3
25,11,3
25,12,3
26,9,3
26,11,3
26,12,3
15,13,1
15,14,2
16,13,1
16,14,2
17,13,1
17,14,2
18,13,1
18,14,2
19,13,1
19,14,2
20,13,1
20,14,2
21,13,1
21,14,2
22,13,1
22,14,2
23,13,1
23,14,2
24,13,1
24,14,2
25,13,1
25,14,2
26,13,1
26,14,2
27,13,1
27,14,2
28,13,1
28,14,2
29,13,1
29,14,2
32,11,3
33,11,3
33,10,3
34,10,3
34,11,3
34,9,3
35,9,3
35,10,3
35,11,3
37,8,3
37,10,3
37,11,3
37,6,3
37,7,3
37,9,3
38,7,3
38,8,3
38,9,3
39,9,3
38,10,3
38,11,3
38,6,3
38,5,3
39,5,3
39,6,3
39,7,3
39,8,3
39,10,3
39,11,3
43,9,10
30,13,1
30,14,2
31,13,1
31,14,2
32,13,1
32,14,2
33,13,1
33,14,2
34,13,1
34,14,2
35,13,1
35,14,2
36,13,1
36,14,2
37,13,1
37,14,2
38,13,1
38,14,2
39,13,1
39,14,2
40,13,1
40,14,2
41,13,1
41,14,2
48,7,12
47,10,3
48,10,3
49,9,3
49,10,3
50,8,3
50,9,3
50,10,3
51,8,3
51,7,3
51,9,3
51,10,3
52,7,3
52,10,3
52,6,3
52,8,3
52,9,3
53,6,3
53,7,3
53,8,3
53,10,3
52,5,3
53,5,3
53,9,3
53,4,3
44,13,1
44,14,2
45,13,1
45,14,2
46,13,1
46,14,2
47,13,1
47,14,2
48,13,1
48,14,2
49,13,1
49,14,2
50,13,1
50,14,2
51,13,1
51,14,2
52,13,1
52,14,2
53,13,1
53,14,2
54,13,1
54,14,2
55,13,1
55,14,2
60,5,11
55,11,3
56,10,3
56,11,3
57,9,3
57,10,3
57,11,3
58,9,3
58,10,3
58,11,3
59,8,3
60,8,3
59,9,3
60,9,3
60,10,3
60,11,3
60,7,3
60,6,3
61,6,3
61,7,3
61,8,3
61,9,3
61,10,3
61,11,3
61,5,3
62,5,3
62,6,3
62,7,3
62,8,3
62,9,3
62,10,3
62,11,3
59,13,1
59,14,2
60,13,1
60,14,2
61,13,1
61,14,2
62,13,1
62,14,2
63,13,1
63,14,2
64,13,1
64,14,2
65,13,1
65,14,2
66,13,1
66,14,2
66,9,10
67,9,10
75,7,16
68,13,1
68,14,2
69,13,1
69,14,2
70,13,1
70,14,2
71,13,1
71,14,2
72,13,1
72,14,2
73,13,1
73,14,2
74,13,1
74,14,2
75,13,1
75,14,2
76,13,1
76,14,2
77,13,1
77,14,2
78,13,1
78,14,2
68,11,3
69,11,3
70,9,3
70,10,3
70,11,3
71,11,3
71,8,3
71,9,3
71,10,3
72,8,3
72,10,3
72,11,3
72,9,3
72,7,3
91,11,4
92,11,5
84,9,9
85,9,8
86,9,8
85,5,10
91,12,6
92,12,7
83,13,1
83,14,2
84,13,1
84,14,2
85,13,1
85,14,2
86,13,1
86,14,2
87,13,1
87,14,2
88,13,1
88,14,2
89,13,1
89,14,2
90,13,1
90,14,2
91,13,1
91,14,2
92,13,1
92,14,2
93,13,1
93,14,2
94,13,1
94,14,2
95,13,1
95,14,2
96,13,1
96,14,2
97,13,1
97,14,2
102,12,12
98,13,1
98,14,2
99,13,1
99,14,2
100,13,1
100,14,2
101,13,1
101,14,2
102,13,1
102,14,2
103,13,1
103,14,2
104,13,1
104,14,2
105,13,1
105,14,2
106,13,1
106,14,2
110,13,1
110,14,2
111,13,1
111,14,2
112,13,1
112,14,2
121,11,4
122,11,5
109,9,9
115,9,8
116,9,8
113,13,1
113,14,2
114,13,1
114,14,2
115,13,1
115,14,2
116,13,1
116,14,2
117,13,1
117,14,2
118,13,1
118,14,2
119,13,1
119,14,2
120,13,1
120,14,2
121,13,1
121,14,2
122,13,1
122,14,2
123,13,1
123,14,2
124,13,1
124,14,2
125,13,1
125,14,2
126,13,1
126,14,2
127,13,1
127,14,2
115,5,10
121,12,6
122,12,7
128,13,1
128,14,2
129,13,1
129,14,2
130,13,1
130,14,2
131,13,1
131,14,2
132,13,1
132,14,2
133,13,1
133,14,2
134,13,1
134,14,2
135,13,1
135,14,2
136,13,1
136,14,2
137,13,1
137,14,2
138,13,1
138,14,2
139,13,1
139,14,2
140,13,1
140,14,2
141,13,1
141,14,2
142,13,1
142,14,2
144,13,1
144,14,2
145,13,1
145,14,2
146,13,1
146,14,2
147,13,1
147,14,2
148,13,1
148,14,2
149,13,1
149,14,2
150,13,1
150,14,2
151,13,1
151,14,2
152,13,1
152,14,2
153,13,1
153,14,2
154,13,1
154,14,2
155,13,1
155,14,2
156,13,1
156,14,2
157,13,1
157,14,2
152,11,4
153,11,5
147,9,9
147,9,10
146,9,8
147,9,8
152,12,6
153,12,7
143,13,1
143,14,2
170,7,13
170,8,14
174,4,16
175,4,16
176,4,16
163,13,1
163,14,2
164,13,1
164,14,2
165,13,1
165,14,2
166,13,1
166,14,2
167,13,1
167,14,2
168,13,1
168,14,2
169,13,1
169,14,2
170,13,1
170,14,2
171,13,1
171,14,2
172,13,1
172,14,2
173,13,1
173,14,2
174,13,1
174,14,2
175,13,1
175,14,2
176,13,1
176,14,2
165,11,3
165,12,3
166,11,3
166,12,3
166,10,3
167,10,3
167,11,3
167,12,3
167,9,3
168,9,3
168,10,3
168,11,3
168,12,3
169,9,3
170,9,3
173,12,12
158,13,1
158,14,2
159,13,1
159,14,2
160,13,1
160,14,2
161,13,1
161,14,2
162,13,1
162,14,2
183,12,11
177,9,9
180,13,1
180,14,2
181,13,1
181,14,2
182,13,1
182,14,2
183,13,1
183,14,2
184,13,1
184,14,2
185,13,1
185,14,2
186,13,1
186,14,2
187,13,1
187,14,2
190,10,6
191,10,7
190,11,6
191,11,7
190,12,6
191,12,7
190,9,4
191,9,5
178,13,1
178,14,2
179,13,1
179,14,2
188,13,1
188,14,2
189,13,1
189,14,2
190,13,1
190,14,2
191,13,1
191,14,2
202,13,1
202,14,2
203,13,1
203,14,2
204,13,1
204,14,2
205,13,1
205,14,2
206,13,1
206,14,2
207,13,1
207,14,2
208,13,1
208,14,2
209,13,1
209,14,2
210,13,1
210,14,2
209,9,4
210,9,5
209,10,6
210,10,7
209,11,6
210,11,7
209,12,6
210,12,7
200,13,1
200,14,2
201,13,1
201,14,2
213,13,1
213,14,2
214,13,1
214,14,2
215,13,1
215,14,2
216,13,1
216,14,2
217,13,1
217,14,2
218,13,1
218,14,2
219,13,1
219,14,2
220,13,1
220,14,2
221,13,1
221,14,2
222,13,1
222,14,2
223,13,1
223,14,2
224,13,1
224,14,2
225,13,1
225,14,2
226,13,1
226,14,2
227,13,1
227,14,2
221,10,6
222,10,7
221,11,6
222,11,7
221,12,6
222,12,7
221,9,4
222,9,5
231,9,9
228,13,1
228,14,2
229,13,1
229,14,2
230,13,1
230,14,2
231,13,1
231,14,2
232,13,1
232,14,2
233,13,1
233,14,2
234,13,1
234,14,2
235,13,1
235,14,2
236,13,1
236,14,2
237,13,1
237,14,2
238,13,1
238,14,2
239,13,1
239,14,2
240,13,1
240,14,2
235,9,4
236,9,5
235,10,6
236,10,7
235,11,6
236,11,7
235,12,6
236,12,7
233,9,8
234,9,8
237,9,8
238,9,8
239,9,8
240,9,8
241,9,8
242,9,8
247,11,4
248,11,5
247,12,6
248,12,7
241,13,1
241,14,2
242,13,1
242,14,2
243,13,1
243,14,2
244,13,1
244,14,2
245,13,1
245,14,2
246,13,1
246,14,2
247,13,1
247,14,2
248,13,1
248,14,2
249,13,1
249,14,2
250,13,1
250,14,2
251,13,1
251,14,2
252,13,1
252,14,2
253,13,1
253,14,2
240,9,9
242,9,9
260,9,8
260,8,8
261,8,8
261,9,8
266,11,4
267,11,5
266,12,6
267,12,7
259,9,9
257,13,1
257,14,2
258,13,1
258,14,2
259,13,1
259,14,2
260,13,1
260,14,2
261,13,1
261,14,2
262,13,1
262,14,2
263,13,1
263,14,2
264,13,1
264,14,2
265,13,1
265,14,2
266,13,1
266,14,2
267,13,1
267,14,2
268,13,1
268,14,2
269,13,1
269,14,2
270,13,1
270,14,2
271,13,1
271,14,2
254,9,9
274,13,1
274,14,2
275,13,1
275,14,2
278,13,1
278,14,2
279,13,1
279,14,2
280,13,1
280,14,2
281,13,1
281,14,2
282,13,1
282,14,2
283,13,1
283,14,2
284,13,1
284,14,2
285,13,1
285,14,2
286,13,1
286,14,2
287,13,1
287,14,2
288,13,1
288,14,2
289,13,1
289,14,2
290,13,1
290,14,2
272,13,1
272,14,2
273,13,1
273,14,2
276,13,1
276,14,2
277,13,1
277,14,2
294,8,9
295,8,9
296,8,9
297,8,9
300,13,1
300,14,2
301,13,1
301,14,2
302,13,1
302,14,2
303,13,1
303,14,2
304,13,1
304,14,2
305,13,1
305,14,2
306,13,1
306,14,2
307,13,1
307,14,2
308,13,1
308,14,2
309,13,1
309,14,2
310,13,1
310,14,2
311,13,1
311,14,2
293,13,1
293,14,2
294,13,1
294,14,2
295,13,1
295,14,2
296,13,1
296,14,2
297,13,1
297,14,2
298,13,1
298,14,2
299,13,1
299,14,2
326,11,13
326,12,14
312,13,1
312,14,2
313,13,1
313,14,2
314,13,1
314,14,2
315,13,1
315,14,2
316,13,1
316,14,2
317,13,1
317,14,2
318,13,1
318,14,2
319,13,1
319,14,2
320,13,1
320,14,2
321,13,1
321,14,2
322,13,1
322,14,2
323,13,1
323,14,2
324,13,1
324,14,2
325,13,1
325,14,2
316,12,12
314,11,6
315,11,7
314,12,6
315,12,7
314,10,4
315,10,5
320,11,4
321,11,5
320,12,6
321,12,7
332,8,9
326,13,1
326,14,2
327,13,1
327,14,2
328,13,1
328,14,2
329,13,1
329,14,2
330,13,1
330,14,2
331,13,1
331,14,2
332,13,1
332,14,2
333,13,1
333,14,2
344,13,6
345,13,7
345,12,6
346,12,7
345,11,6
346,10,7
345,10,6
346,11,7
345,9,4
346,9,5
338,13,1
338,14,2
339,13,1
339,14,2
340,13,1
340,14,2
341,13,1
341,14,2
342,13,1
342,14,2
343,13,1
343,14,2
344,13,1
344,14,2
345,13,1
345,14,2
346,13,1
346,14,2
347,13,1
347,14,2
348,13,1
348,14,2
349,13,1
349,14,2
350,13,1
350,14,2
351,13,1
351,14,2
352,13,1
352,14,2
364,12,11
106,12,11
360,11,3
360,12,3
360,10,3
353,13,1
353,14,2
354,13,1
354,14,2
355,13,1
355,14,2
356,13,1
356,14,2
357,13,1
357,14,2
358,13,1
358,14,2
359,13,1
359,14,2
360,13,1
360,14,2
361,13,1
361,14,2
362,13,1
362,14,2
363,13,1
363,14,2
364,13,1
364,14,2
365,13,1
365,14,2
366,13,1
366,14,2
367,13,1
367,14,2
371,12,3
368,13,1
368,14,2
369,13,1
369,14,2
370,13,1
370,14,2
371,13,1
371,14,2
372,13,1
372,14,2
373,13,1
373,14,2
374,13,1
374,14,2
375,13,1
375,14,2
376,13,1
376,14,2
377,13,1
377,14,2
378,13,1
378,14,2
379,13,1
379,14,2
380,13,1
380,14,2
381,13,1
381,14,2
26,10,3
36,9,3
36,10,3
36,11,3
59,10,3
59,11,3
177,13,1
177,14,2
241,9,9






TestLevelC14
0,13,1
0,14,2
1,13,1
1,14,2
2,13,1
2,14,2
3,13,1
3,14,2
4,13,1
4,14,2
5,13,1
5,14,2
6,13,1
6,14,2
7,13,1
7,14,2
8,13,1
8,14,2
9,13,1
9,14,2
10,13,1
10,14,2
11,13,1
11,14,2
12,13,1
12,14,2
13,13,1
13,14,2
14,13,1
14,14,2
15,13,1
15,14,2
24,11,4
25,11,5
17,9,9
18,9,8
19,9,8
18,5,10
24,12,6
25,12,7
16,13,1
16,14,2
17,13,1
17,14,2
18,13,1
18,14,2
19,13,1
19,14,2
20,13,1
20,14,2
21,13,1
21,14,2
22,13,1
22,14,2
23,13,1
23,14,2
24,13,1
24,14,2
25,13,1
25,14,2
26,13,1
26,14,2
27,13,1
27,14,2
28,13,1
28,14,2
29,13,1
29,14,2
30,13,1
30,14,2
35,12,12
31,13,1
31,14,2
32,13,1
32,14,2
33,13,1
33,14,2
34,13,1
34,14,2
35,13,1
35,14,2
36,13,1
36,14,2
37,13,1
37,14,2
38,13,1
38,14,2
39,13,1
39,14,2
40,13,1
40,14,2
43,13,1
43,14,2
44,13,1
44,14,2
45,13,1
45,14,2
54,11,4
55,11,5
42,9,9
48,9,8
49,9,8
46,13,1
46,14,2
47,13,1
47,14,2
48,13,1
48,14,2
49,13,1
49,14,2
50,13,1
50,14,2
51,13,1
51,14,2
52,13,1
52,14,2
53,13,1
53,14,2
54,13,1
54,14,2
55,13,1
55,14,2
56,13,1
56,14,2
57,13,1
57,14,2
58,13,1
58,14,2
59,13,1
59,14,2
60,13,1
60,14,2
48,5,10
54,12,6
55,12,7
66,13,1
66,14,2
67,13,1
67,14,2
68,13,1
68,14,2
69,13,1
69,14,2
70,13,1
70,14,2
71,13,1
71,14,2
72,13,1
72,14,2
73,13,1
73,14,2
74,13,1
74,14,2
75,13,1
75,14,2
76,13,1
76,14,2
77,13,1
77,14,2
78,13,1
78,14,2
79,13,1
79,14,2
74,11,4
75,11,5
69,9,9
69,9,10
68,9,8
69,9,8
74,12,6
75,12,7
61,13,1
61,14,2
62,13,1
62,14,2
63,13,1
63,14,2
64,13,1
64,14,2
65,13,1
65,14,2
91,7,13
91,8,14
95,4,16
96,4,16
97,4,16
84,13,1
84,14,2
85,13,1
85,14,2
86,13,1
86,14,2
87,13,1
87,14,2
88,13,1
88,14,2
89,13,1
89,14,2
90,13,1
90,14,2
91,13,1
91,14,2
92,13,1
92,14,2
93,13,1
93,14,2
94,13,1
94,14,2
95,13,1
95,14,2
96,13,1
96,14,2
97,13,1
97,14,2
87,11,3
87,12,3
88,11,3
88,12,3
88,10,3
89,10,3
89,11,3
89,12,3
89,9,3
90,9,3
90,10,3
90,11,3
90,12,3
91,9,3
92,9,3
95,12,12
80,13,1
80,14,2
81,13,1
81,14,2
82,13,1
82,14,2
83,13,1
83,14,2
96,9,8
97,9,8
98,9,8
99,9,8
100,9,8
101,9,8
102,9,8
103,9,8
104,9,8
105,9,8
106,9,8
111,11,4
112,11,5
111,12,6
112,12,7
102,13,1
102,14,2
103,13,1
103,14,2
104,13,1
104,14,2
105,13,1
105,14,2
106,13,1
106,14,2
107,13,1
107,14,2
108,13,1
108,14,2
109,13,1
109,14,2
110,13,1
110,14,2
111,13,1
111,14,2
112,13,1
112,14,2
113,13,1
113,14,2
114,13,1
114,14,2
115,13,1
115,14,2
116,13,1
116,14,2
104,9,9
106,9,9
120,13,1
120,14,2
121,13,1
121,14,2
122,13,1
122,14,2
123,13,1
123,14,2
124,13,1
124,14,2
125,13,1
125,14,2
126,13,1
126,14,2
127,13,1
127,14,2
128,13,1
128,14,2
129,13,1
129,14,2
130,13,1
130,14,2
131,13,1
131,14,2
132,13,1
132,14,2
133,13,1
133,14,2
127,10,6
128,10,7
127,11,6
128,11,7
127,12,6
128,12,7
127,9,4
128,9,5
143,11,4
144,11,5
138,9,9
137,5,10
134,13,1
134,14,2
135,13,1
135,14,2
136,13,1
136,14,2
137,13,1
137,14,2
138,13,1
138,14,2
139,13,1
139,14,2
140,13,1
140,14,2
141,13,1
141,14,2
142,13,1
142,14,2
143,13,1
143,14,2
144,13,1
144,14,2
145,13,1
145,14,2
146,13,1
146,14,2
147,13,1
147,14,2
148,13,1
148,14,2
143,12,6
144,12,7
145,11,13
145,12,14
153,10,13
153,11,14
145,4,8
150,13,1
150,14,2
151,13,1
151,14,2
152,13,1
152,14,2
153,13,1
153,14,2
154,13,1
154,14,2
155,13,1
155,14,2
156,13,1
156,14,2
157,13,1
157,14,2
158,13,1
158,14,2
159,13,1
159,14,2
160,13,1
160,14,2
161,13,1
161,14,2
162,13,1
162,14,2
163,13,1
163,14,2
145,9,13
145,10,14
170,2,11
39,12,11
164,9,9
167,13,1
167,14,2
168,13,1
168,14,2
169,13,1
169,14,2
170,13,1
170,14,2
171,13,1
171,14,2
172,13,1
172,14,2
173,13,1
173,14,2
174,13,1
174,14,2
176,11,6
177,11,7
176,12,6
177,12,7
176,10,4
177,10,5
168,9,8
169,9,8
170,9,8
171,9,8
175,13,1
175,14,2
176,13,1
176,14,2
177,13,1
177,14,2
178,13,1
178,14,2
179,13,1
179,14,2
180,13,1
180,14,2
181,13,1
181,14,2
182,13,1
182,14,2
183,13,1
183,14,2
184,13,1
184,14,2
185,13,1
185,14,2
169,5,8
170,5,8
171,5,8
190,13,1
190,14,2
191,13,1
191,14,2
192,13,1
192,14,2
193,13,1
193,14,2
194,13,1
194,14,2
195,13,1
195,14,2
196,13,1
196,14,2
197,13,1
197,14,2
198,13,1
198,14,2
199,13,1
199,14,2
200,13,1
200,14,2
201,13,1
201,14,2
202,13,1
202,14,2
203,13,1
203,14,2
204,13,1
204,14,2
186,9,8
187,9,8
194,11,6
195,11,7
194,12,6
195,12,7
194,10,4
195,10,5
186,5,8
187,5,8
188,5,8
214,10,6
215,10,7
214,11,6
215,11,7
214,12,6
215,12,7
214,9,4
215,9,5
205,13,1
205,14,2
206,13,1
206,14,2
207,13,1
207,14,2
208,13,1
208,14,2
209,13,1
209,14,2
210,13,1
210,14,2
211,13,1
211,14,2
212,13,1
212,14,2
213,13,1
213,14,2
214,13,1
214,14,2
228,8,9
223,13,1
223,14,2
224,13,1
224,14,2
225,13,1
225,14,2
226,13,1
226,14,2
227,13,1
227,14,2
228,13,1
228,14,2
229,13,1
229,14,2
240,11,3
240,10,3
242,9,3
242,11,3
242,10,3
244,8,3
244,9,3
244,10,3
244,11,3
244,6,3
244,7,3
245,5,3
246,5,3
245,9,3
246,9,3
246,6,3
246,7,3
246,10,3
246,11,3
246,8,3
234,13,1
234,14,2
235,13,1
235,14,2
236,13,1
236,14,2
237,13,1
237,14,2
238,13,1
238,14,2
239,13,1
239,14,2
240,13,1
240,14,2
241,13,1
241,14,2
235,12,6
236,12,7
235,11,4
236,11,5
255,11,3
255,10,3
257,9,3
257,11,3
257,10,3
259,8,3
259,9,3
259,10,3
259,11,3
259,6,3
259,7,3
260,5,3
261,5,3
260,9,3
261,9,3
261,6,3
261,7,3
261,10,3
261,11,3
261,8,3
249,13,1
249,14,2
250,13,1
250,14,2
251,13,1
251,14,2
252,13,1
252,14,2
253,13,1
253,14,2
254,13,1
254,14,2
255,13,1
255,14,2
256,13,1
256,14,2
250,12,6
251,12,7
250,11,4
251,11,5
270,11,3
270,10,3
272,9,3
272,11,3
272,10,3
274,8,3
274,9,3
274,10,3
274,11,3
274,6,3
274,7,3
275,5,3
276,5,3
275,9,3
276,9,3
276,6,3
276,7,3
276,10,3
276,11,3
276,8,3

234,13,1
234,14,2
235,13,1
235,14,2
236,13,1
236,14,2
237,13,1
237,14,2
238,13,1
238,14,2
239,13,1
239,14,2
240,13,1
240,14,2
241,13,1
241,14,2
235,12,6
236,12,7
235,11,4
236,11,5
259,12,11
256,11,3
256,12,3
256,10,3
248,13,1
248,14,2
249,13,1
249,14,2
250,13,1
250,14,2
251,13,1
251,14,2
252,13,1
252,14,2
253,13,1
253,14,2
254,13,1
254,14,2
255,13,1
255,14,2
256,13,1
256,14,2
257,13,1
257,14,2
258,13,1
258,14,2
259,13,1
259,14,2
260,13,1
260,14,2
261,13,1
261,14,2
262,13,1
262,14,2
263,13,1
263,14,2
240,13,1
240,14,2
241,13,1
241,14,2
242,13,1
242,14,2
273,12,12
264,9,3
264,10,3
264,11,3
265,8,3
265,9,3
265,10,3
265,11,3
266,8,3
266,9,3
266,10,3
266,11,3
266,7,3
267,7,3
267,8,3
267,10,3
267,11,3
267,9,3
263,13,1
263,14,2
264,13,1
264,14,2
265,13,1
265,14,2
266,13,1
266,14,2
267,13,1
267,14,2
268,13,1
268,14,2
269,13,1
269,14,2
270,13,1
270,14,2
271,13,1
271,14,2
272,13,1
272,14,2
273,13,1
273,14,2
274,13,1
274,14,2
275,13,1
275,14,2
276,13,1
276,14,2
277,13,1
277,14,2
281,12,3
278,13,1
278,14,2
279,13,1
279,14,2
280,13,1
280,14,2
281,13,1
281,14,2
282,13,1
282,14,2
283,13,1
283,14,2
284,13,1
284,14,2
285,13,1
285,14,2
105,9,9
149,13,1
149,14,2
241,11,3
241,10,3
243,9,3
243,11,3
243,10,3
245,8,3
245,10,3
245,11,3
245,6,3
245,7,3


TestLevelC16
0,13,1
0,14,2
1,13,1
1,14,2
2,13,1
2,14,2
3,13,1
3,14,2
4,13,1
4,14,2
5,13,1
5,14,2
6,13,1
6,14,2
7,13,1
7,14,2
8,13,1
8,14,2
9,13,1
9,14,2
10,13,1
10,14,2
11,13,1
11,14,2
12,13,1
12,14,2
13,13,1
13,14,2
14,13,1
14,14,2
15,13,1
15,14,2
24,11,4
25,11,5
17,9,9
18,9,8
19,9,8
18,5,10
24,12,6
25,12,7
16,13,1
16,14,2
17,13,1
17,14,2
18,13,1
18,14,2
19,13,1
19,14,2
20,13,1
20,14,2
21,13,1
21,14,2
22,13,1
22,14,2
23,13,1
23,14,2
24,13,1
24,14,2
25,13,1
25,14,2
26,13,1
26,14,2
27,13,1
27,14,2
28,13,1
28,14,2
29,13,1
29,14,2
30,13,1
30,14,2
35,12,12
31,13,1
31,14,2
32,13,1
32,14,2
33,13,1
33,14,2
34,13,1
34,14,2
35,13,1
35,14,2
36,13,1
36,14,2
37,13,1
37,14,2
38,13,1
38,14,2
39,13,1
39,14,2
40,13,1
40,14,2
43,13,1
43,14,2
44,13,1
44,14,2
45,13,1
45,14,2
54,11,4
55,11,5
42,9,9
48,9,8
49,9,8
46,13,1
46,14,2
47,13,1
47,14,2
48,13,1
48,14,2
49,13,1
49,14,2
50,13,1
50,14,2
51,13,1
51,14,2
52,13,1
52,14,2
53,13,1
53,14,2
54,13,1
54,14,2
55,13,1
55,14,2
56,13,1
56,14,2
57,13,1
57,14,2
58,13,1
58,14,2
59,13,1
59,14,2
60,13,1
60,14,2
48,5,10
54,12,6
55,12,7
66,13,1
66,14,2
67,13,1
67,14,2
68,13,1
68,14,2
69,13,1
69,14,2
70,13,1
70,14,2
71,13,1
71,14,2
72,13,1
72,14,2
73,13,1
73,14,2
74,13,1
74,14,2
75,13,1
75,14,2
76,13,1
76,14,2
77,13,1
77,14,2
78,13,1
78,14,2
79,13,1
79,14,2
74,11,4
75,11,5
69,9,9
69,9,10
68,9,8
69,9,8
74,12,6
75,12,7
61,13,1
61,14,2
62,13,1
62,14,2
63,13,1
63,14,2
64,13,1
64,14,2
65,13,1
65,14,2
86,12,11
39,12,11
80,9,9
83,13,1
83,14,2
84,13,1
84,14,2
85,13,1
85,14,2
86,13,1
86,14,2
87,13,1
87,14,2
88,13,1
88,14,2
89,13,1
89,14,2
90,13,1
90,14,2
93,11,3
93,10,3
95,9,3
95,11,3
95,10,3
97,8,3
97,9,3
97,10,3
97,11,3
97,6,3
97,7,3
98,5,3
99,5,3
98,9,3
99,9,3
99,6,3
99,7,3
99,10,3
99,11,3
99,8,3
91,13,1
91,14,2
92,13,1
92,14,2
93,13,1
93,14,2
94,13,1
94,14,2
88,12,6
89,12,7
88,11,4
89,11,5
108,11,3
108,10,3
110,9,3
110,11,3
110,10,3
112,8,3
112,9,3
112,10,3
112,11,3
112,6,3
112,7,3
113,5,3
114,5,3
113,9,3
114,9,3
114,6,3
114,7,3
114,10,3
114,11,3
114,8,3
102,13,1
102,14,2
103,13,1
103,14,2
104,13,1
104,14,2
105,13,1
105,14,2
106,13,1
106,14,2
107,13,1
107,14,2
108,13,1
108,14,2
109,13,1
109,14,2
103,12,6
104,12,7
103,11,4
104,11,5
124,11,3
124,12,3
125,12,3
125,10,3
125,11,3
126,10,3
126,11,3
126,12,3
126,9,3
127,9,3
127,10,3
127,11,3
127,12,3
127,8,3
128,8,3
128,9,3
128,10,3
128,11,3
128,12,3
128,7,3
123,11,11
116,5,8
117,5,8
119,13,1
119,14,2
120,13,1
120,14,2
121,13,1
121,14,2
122,13,1
122,14,2
123,13,1
123,14,2
124,13,1
124,14,2
125,13,1
125,14,2
126,13,1
126,14,2
127,13,1
127,14,2
129,12,3
128,13,1
128,14,2
129,13,1
129,14,2
130,13,1
130,14,2
131,13,1
131,14,2
132,13,1
132,14,2
133,13,1
133,14,2
134,13,1
134,14,2
135,13,1
135,14,2
136,13,1
136,14,2
137,13,1
137,14,2
138,13,1
138,14,2
139,13,1
139,14,2
94,11,3
94,10,3
96,9,3
96,11,3
96,10,3
98,8,3
98,10,3
98,11,3
98,6,3
98,7,3
109,11,3
109,10,3
111,9,3
111,11,3
111,10,3
113,8,3
113,10,3
113,11,3
113,6,3
113,7,3


TestLevelD1
0,5,8
0,13,1
0,14,2
2,9,9
2,13,1
2,14,2
3,9,8
3,13,1
3,14,2
4,9,8
4,13,1
4,14,2
5,13,1
5,14,2
6,11,3
6,12,3
6,13,1
6,14,2
7,11,3
7,12,3
7,13,1
7,14,2
9,10,3
9,11,3
9,12,3
9,13,1
9,14,2
10,13,1
10,14,2
11,9,8
11,13,1
11,14,2
12,13,1
12,14,2
13,10,3
13,11,3
13,12,3
13,13,1
13,14,2
14,9,10
14,13,1
14,14,2
15,9,10
15,13,1
15,14,2
16,13,1
16,14,2
17,13,1
17,14,2
18,13,1
18,14,2
19,9,3
19,10,3
19,11,3
19,12,3
19,13,1
19,14,2
20,13,1
20,14,2
21,9,9
21,13,1
21,14,2
22,9,9
22,13,1
22,14,2
23,13,1
23,14,2
24,9,9
24,13,1
24,14,2
25,13,1
25,14,2
26,13,1
26,14,2
27,5,8
27,13,1
27,14,2
28,12,11
28,13,1
28,14,2
29,13,1
29,14,2
30,12,3
30,13,1
30,14,2
31,12,11
31,13,1
31,14,2
32,13,1
32,14,2
33,12,11
33,13,1
33,14,2
34,9,9
34,13,1
34,14,2
35,9,8
35,13,1
35,14,2
36,9,8
36,13,1
36,14,2
37,13,1
37,14,2
38,12,11
38,13,1
38,14,2
39,13,1
39,14,2
40,5,10
40,9,9
40,13,1
40,14,2
41,12,11
41,13,1
41,14,2
42,9,8
42,13,1
42,14,2
43,5,9
43,9,9
43,13,1
43,14,2
44,13,1
44,14,2
45,9,3
45,10,3
45,11,3
45,12,3
45,13,1
45,14,2
46,13,1
46,14,2
47,9,10
47,13,1
47,14,2
48,9,9
48,13,1
48,14,2
49,13,1
49,14,2
50,5,10
50,9,9
50,13,1
50,14,2
51,13,1
51,14,2
52,9,9
52,13,1
52,14,2
53,13,1
53,14,2
54,13,1
54,14,2
55,13,1
55,14,2
56,13,1
56,14,2
57,9,9
57,13,1
57,14,2
58,5,8
59,9,3
59,10,3
59,11,3
59,12,3
59,13,1
59,14,2
60,13,1
60,14,2
61,13,1
61,14,2
62,9,3
62,10,3
62,11,3
62,12,3
63,9,4
64,9,5
63,10,6
64,10,7
63,11,6
64,11,7
63,12,6
64,12,7
62,13,1
62,14,2
63,13,1
63,14,2
64,13,1
64,14,2
65,13,1
65,14,2
66,13,1
66,14,2
67,5,8
68,5,8
68,12,11
68,13,1
68,14,2
69,13,1
69,14,2
70,5,10
70,9,9
70,13,1
70,14,2
71,9,9
71,12,12
71,13,1
71,14,2
73,5,9
73,9,8
73,13,1
73,14,2
74,9,4
75,9,5
74,10,6
75,10,7
74,10,6
75,10,7
74,11,6
75,11,7
74,11,6
75,11,7
74,12,6
75,12,7
74,12,6
75,12,7
74,13,1
74,14,2
75,13,1
75,14,2
76,13,1
76,14,2
77,13,1
77,14,2
78,12,3
78,13,1
78,14,2
79,13,1
79,14,2
80,12,11
80,13,1
80,14,2
81,13,1
81,14,2
82,13,1
82,14,2
83,9,9
83,13,1
83,14,2
84,9,8
84,13,1
84,14,2
85,9,8
85,13,1
85,14,2
86,13,1
86,14,2
87,13,1
87,14,2
88,12,3
88,13,1
88,14,2
89,11,3
89,12,3
89,13,1
89,14,2
90,10,3
90,11,3
90,12,3
90,13,1
90,14,2
91,9,3
91,10,3
91,11,3
91,12,3
91,13,1
91,14,2
92,13,1
92,14,2
94,9,4
95,9,5
94,10,6
95,10,7
94,10,6
95,10,7
94,11,6
95,11,7
94,11,6
95,11,7
94,12,6
95,12,7
94,12,6
95,12,7
94,13,1
94,14,2
95,13,1
95,14,2
97,11,4
98,11,5
97,12,6
98,12,7
97,12,6
98,12,7
97,13,1
97,14,2
98,13,1
98,14,2
99,13,1
99,14,2
100,13,1
100,14,2
101,9,9
101,13,1
101,14,2
102,9,8
102,13,1
102,14,2
103,9,8
103,13,1
103,14,2
104,13,1
104,14,2
105,5,10
105,9,9
105,13,1
105,14,2
106,13,1
106,14,2
107,9,9
107,13,1
107,14,2
108,5,9
108,9,8
108,13,1
108,14,2
109,9,9
109,13,1
109,14,2
110,13,1
110,14,2
111,9,8
111,13,1
111,14,2
112,12,3
112,13,1
112,14,2
113,13,1
113,14,2
114,5,10
114,9,9
114,13,1
114,14,2
115,13,1
115,14,2
116,9,9
116,13,1
116,14,2
117,12,11
117,13,1
117,14,2
118,11,3
118,12,3
118,13,1
118,14,2
119,12,11
119,13,1
119,14,2
120,12,11
120,13,1
120,14,2
121,13,1
121,14,2
123,13,1
123,14,2
125,13,1
125,14,2
126,13,1
126,14,2
127,13,1
127,14,2
129,13,1
129,14,2
130,13,1
130,14,2
132,13,1
132,14,2
133,13,1
133,14,2
134,13,1
134,14,2
136,13,1
136,14,2
137,13,1
137,14,2
138,13,1
138,14,2
140,13,1
140,14,2
141,13,1
141,14,2
142,13,1
142,14,2
143,13,1
143,14,2
144,13,1
144,14,2
145,13,1
145,14,2
146,13,1
146,14,2
147,13,1
147,14,2
148,13,1
148,14,2
150,13,1
150,14,2
151,13,1
151,14,2
153,13,1
153,14,2
154,13,1
154,14,2
155,13,1
155,14,2
157,13,1
157,14,2
158,13,1
158,14,2
159,13,1
159,14,2
160,11,3
160,12,3
160,13,1
160,14,2
161,9,3
161,10,3
161,11,3
161,12,3
161,13,1
161,14,2
162,12,11
162,13,1
162,14,2
163,12,3
163,13,1
163,14,2
164,9,9
164,13,1
164,14,2
165,13,1
165,14,2
166,5,10
166,9,9
166,13,1
166,14,2
167,13,1
167,14,2
168,9,9
168,13,1
168,14,2
169,12,11
169,13,1
169,14,2
170,5,8
170,12,11
170,13,1
170,14,2
171,13,1
171,14,2
172,13,1
172,14,2
173,13,1
173,14,2
174,13,1
174,14,2
175,13,1
175,14,2
176,13,1
176,14,2
177,5,9
177,9,8
177,13,1
177,14,2
178,13,1
178,14,2
179,13,1
179,14,2
180,12,3
180,13,1
180,14,2
181,12,3
181,13,1
181,14,2
182,5,8
182,12,11
182,13,1
182,14,2
183,9,4
184,9,5
183,10,6
184,10,7
183,10,6
184,10,7
183,11,6
184,11,7
183,11,6
184,11,7
183,12,6
184,12,7
183,12,6
184,12,7
183,13,1
183,14,2
184,13,1
184,14,2
186,13,1
186,14,2
187,5,9
187,9,8
187,13,1
187,14,2
188,13,1
188,14,2
189,9,4
190,9,5
189,10,6
190,10,7
189,10,6
190,10,7
189,11,6
190,11,7
189,11,6
190,11,7
189,12,6
190,12,7
189,12,6
190,12,7
191,10,4
192,10,5
191,11,6
192,11,7
191,11,6
192,11,7
191,12,6
192,12,7
191,12,6
192,12,7
189,13,1
189,14,2
190,13,1
190,14,2
191,13,1
191,14,2
192,13,1
192,14,2
193,13,1
193,14,2
194,13,1
194,14,2
195,13,1
195,14,2
196,13,1
196,14,2
197,13,1
197,14,2
198,13,1
198,14,2
199,13,1
199,14,2









TestLevelD2
0,9,9
0,13,1
0,14,2
1,9,9
1,12,12
1,13,1
1,14,2
2,13,1
2,14,2
3,12,3
3,13,1
3,14,2
4,12,3
4,13,1
4,14,2
5,10,3
5,11,3
5,12,3
5,13,1
5,14,2
7,11,3
7,12,3
7,13,1
7,14,2
9,10,3
9,11,3
9,12,3
9,13,1
9,14,2
10,9,9
10,13,1
10,14,2
11,13,1
11,14,2
12,12,11
12,13,1
12,14,2
13,9,9
13,13,1
13,14,2
14,9,8
14,13,1
14,14,2
15,5,10
15,9,9
15,13,1
15,14,2
16,9,8
16,13,1
16,14,2
17,9,9
17,13,1
17,14,2
18,13,1
18,14,2
19,9,4
20,9,5
19,10,6
20,10,7
19,10,6
20,10,7
19,11,6
20,11,7
19,11,6
20,11,7
19,12,6
20,12,7
19,12,6
20,12,7
19,13,1
19,14,2
20,13,1
20,14,2
21,13,1
21,14,2
22,13,1
22,14,2
23,13,1
23,14,2
24,13,1
24,14,2
25,10,3
25,11,3
25,12,3
25,13,1
25,14,2
26,11,3
26,12,3
26,13,1
26,14,2
27,12,3
27,13,1
27,14,2
28,5,8
29,5,10
29,9,9
29,13,1
29,14,2
30,5,10
30,9,9
30,13,1
30,14,2
31,9,9
31,13,1
31,14,2
32,9,8
32,13,1
32,14,2
33,12,11
33,13,1
33,14,2
34,13,1
34,14,2
35,9,4
36,9,5
35,10,6
36,10,7
35,10,6
36,10,7
35,11,6
36,11,7
35,11,6
36,11,7
35,12,6
36,12,7
35,12,6
36,12,7
35,13,1
35,14,2
36,13,1
36,14,2
38,13,1
38,14,2
39,5,10
39,9,9
39,13,1
39,14,2
40,5,9
40,9,8
40,13,1
40,14,2
41,11,3
41,12,3
41,13,1
41,14,2
42,5,8
42,12,11
42,13,1
42,14,2
43,13,1
43,14,2
44,13,1
44,14,2
45,9,9
45,13,1
45,14,2
46,12,11
46,13,1
46,14,2
47,13,1
47,14,2
48,13,1
48,14,2
49,5,9
49,9,8
49,13,1
49,14,2
50,9,9
50,12,12
50,13,1
50,14,2
51,13,1
51,14,2
52,13,1
52,14,2
53,5,8
54,13,1
54,14,2
55,9,9
55,13,1
55,14,2
56,9,3
56,10,3
56,11,3
56,12,3
56,13,1
56,14,2
57,13,1
57,14,2
58,13,1
58,14,2
59,9,3
59,10,3
59,11,3
59,12,3
59,13,1
59,14,2
60,13,1
60,14,2
61,9,3
61,10,3
61,11,3
61,12,3
61,13,1
61,14,2
62,9,9
62,12,12
62,13,1
62,14,2
63,9,9
63,13,1
63,14,2
64,9,8
64,13,1
64,14,2
65,5,10
65,9,9
65,13,1
65,14,2
66,9,8
66,13,1
66,14,2
68,12,11
68,13,1
68,14,2
69,9,3
69,10,3
69,11,3
69,12,3
69,13,1
69,14,2
70,12,3
70,13,1
70,14,2
71,5,8
71,13,1
71,14,2
72,9,8
72,13,1
72,14,2
73,5,8
74,5,8
75,10,4
76,10,5
75,11,6
76,11,7
75,11,6
76,11,7
75,12,6
76,12,7
75,12,6
76,12,7
75,13,1
75,14,2
76,13,1
76,14,2
77,5,8
77,13,1
77,14,2
78,10,3
78,11,3
78,12,3
78,13,1
78,14,2
79,5,8
80,12,11
80,13,1
80,14,2
81,9,4
82,9,5
81,10,6
82,10,7
81,10,6
82,10,7
81,11,6
82,11,7
81,11,6
82,11,7
81,12,6
82,12,7
81,12,6
82,12,7
81,13,1
81,14,2
82,13,1
82,14,2
83,13,1
83,14,2
84,11,4
85,11,5
84,12,6
85,12,7
84,12,6
85,12,7
84,13,1
84,14,2
85,13,1
85,14,2
86,13,1
86,14,2
87,5,10
87,9,9
87,13,1
87,14,2
88,13,1
88,14,2
89,12,11
89,13,1
89,14,2
90,10,4
91,10,5
90,11,6
91,11,7
90,11,6
91,11,7
90,12,6
91,12,7
90,12,6
91,12,7
90,13,1
90,14,2
91,13,1
91,14,2
92,12,3
92,13,1
92,14,2
93,13,1
93,14,2
94,5,10
94,9,9
94,13,1
94,14,2
95,9,8
95,13,1
95,14,2
96,9,9
96,13,1
96,14,2
97,13,1
97,14,2
98,5,10
98,9,9
98,13,1
98,14,2
99,13,1
99,14,2
100,9,9
100,13,1
100,14,2
101,9,9
101,13,1
101,14,2
102,13,1
102,14,2
103,9,3
103,10,3
103,11,3
103,12,3
103,13,1
103,14,2
104,13,1
104,14,2
105,13,1
105,14,2
106,12,11
106,13,1
106,14,2
107,12,3
107,13,1
107,14,2
108,9,9
108,13,1
108,14,2
109,13,1
109,14,2
110,5,10
110,9,9
110,13,1
110,14,2
111,13,1
111,14,2
112,9,9
112,13,1
112,14,2
113,9,9
113,13,1
113,14,2
114,5,8
114,12,11
114,13,1
114,14,2
115,5,8
115,13,1
115,14,2
116,9,9
116,13,1
116,14,2
117,9,3
117,10,3
117,11,3
117,12,3
117,13,1
117,14,2
118,13,1
118,14,2
119,9,9
119,13,1
119,14,2
120,9,9
120,13,1
120,14,2
121,9,9
121,13,1
121,14,2
122,9,9
122,13,1
122,14,2
123,11,3
123,12,3
123,13,1
123,14,2
124,9,9
124,13,1
124,14,2
125,10,3
125,11,3
125,12,3
125,13,1
125,14,2
126,12,11
126,13,1
126,14,2
127,11,3
127,12,3
127,13,1
127,14,2
128,9,9
128,13,1
128,14,2
129,13,1
129,14,2
130,5,8
131,9,8
131,13,1
131,14,2
132,9,9
132,13,1
132,14,2
133,13,1
133,14,2
134,5,10
134,9,9
134,13,1
134,14,2
135,13,1
135,14,2
136,9,9
136,13,1
136,14,2
137,9,3
137,10,3
137,11,3
137,12,3
137,13,1
137,14,2
138,11,3
138,12,3
138,13,1
138,14,2
139,13,1
139,14,2
140,13,1
140,14,2
142,13,1
142,14,2
143,13,1
143,14,2
144,9,3
144,10,3
144,11,3
144,12,3
144,13,1
144,14,2
146,5,10
146,9,9
146,13,1
146,14,2
147,10,3
147,11,3
147,12,3
147,13,1
147,14,2
148,9,9
148,12,12
148,13,1
148,14,2
149,11,3
149,12,3
149,13,1
149,14,2
150,12,11
150,13,1
150,14,2
151,5,8
151,13,1
151,14,2
152,12,11
152,13,1
152,14,2
153,10,4
154,10,5
153,11,6
154,11,7
153,11,6
154,11,7
153,12,6
154,12,7
153,12,6
154,12,7
153,13,1
153,14,2
154,13,1
154,14,2
155,13,1
155,14,2
156,12,11
156,13,1
156,14,2
157,13,1
157,14,2
158,9,8
158,13,1
158,14,2
159,12,11
159,13,1
159,14,2
160,9,9
160,13,1
160,14,2
161,9,9
161,13,1
161,14,2
162,9,9
162,12,12
162,13,1
162,14,2
163,13,1
163,14,2
164,11,3
164,12,3
164,13,1
164,14,2
165,11,3
165,12,3
165,13,1
165,14,2
166,5,8
167,12,11
167,13,1
167,14,2
168,9,3
168,10,3
168,11,3
168,12,3
168,13,1
168,14,2
169,5,8
170,13,1
170,14,2
171,13,1
171,14,2
172,9,9
172,13,1
172,14,2
173,5,8
174,13,1
174,14,2
175,9,3
175,10,3
175,11,3
175,12,3
175,13,1
175,14,2
176,13,1
176,14,2
177,9,9
177,13,1
177,14,2
178,9,9
178,13,1
178,14,2
179,9,9
179,13,1
179,14,2
180,9,9
180,13,1
180,14,2
181,9,9
181,13,1
181,14,2
182,9,9
182,13,1
182,14,2
183,9,8
183,13,1
183,14,2
184,5,10
184,9,9
184,13,1
184,14,2
185,9,8
185,13,1
185,14,2
186,9,3
186,10,3
186,11,3
186,12,3
186,13,1
186,14,2
187,9,9
187,13,1
187,14,2
188,9,9
188,13,1
188,14,2
189,9,9
189,13,1
189,14,2
190,9,9
190,13,1
190,14,2
191,9,9
191,13,1
191,14,2
192,9,9
192,13,1
192,14,2
193,9,9
193,13,1
193,14,2
194,9,9
194,13,1
194,14,2
195,9,9
195,13,1
195,14,2
196,9,9
196,13,1
196,14,2
197,12,3
197,13,1
197,14,2
198,9,9
198,13,1
198,14,2
199,12,3
199,13,1
199,14,2







TestLevelD6
0,5,8
0,12,11
0,13,1
0,14,2
1,5,10
1,9,9
1,13,1
1,14,2
2,9,9
2,13,1
2,14,2
3,13,1
3,14,2
4,12,11
4,13,1
4,14,2
5,11,3
5,12,3
5,13,1
5,14,2
7,10,3
7,11,3
7,12,3
7,13,1
7,14,2
8,11,3
8,12,3
8,13,1
8,14,2
9,9,8
9,13,1
9,14,2
10,9,9
10,12,12
10,13,1
10,14,2
11,13,1
11,14,2
12,5,9
12,9,8
12,13,1
12,14,2
13,10,4
14,10,5
13,11,6
14,11,7
13,11,6
14,11,7
13,12,6
14,12,7
13,12,6
14,12,7
13,13,1
13,14,2
14,13,1
14,14,2
15,13,1
15,14,2
16,13,1
16,14,2
17,13,1
17,14,2
18,11,3
18,12,3
18,13,1
18,14,2
19,9,9
19,13,1
19,14,2
20,5,9
20,9,8
20,13,1
20,14,2
21,5,8
21,13,1
21,14,2
22,11,4
23,11,5
22,12,6
23,12,7
22,12,6
23,12,7
22,13,1
22,14,2
23,13,1
23,14,2
24,5,10
24,9,9
24,13,1
24,14,2
25,12,11
25,13,1
25,14,2
26,5,8
26,12,11
26,13,1
26,14,2
27,10,4
28,10,5
27,11,6
28,11,7
27,11,6
28,11,7
27,12,6
28,12,7
27,12,6
28,12,7
27,13,1
27,14,2
28,13,1
28,14,2
29,5,8
30,9,8
30,13,1
30,14,2
31,11,3
31,12,3
31,13,1
31,14,2
32,9,8
32,13,1
32,14,2
33,13,1
33,14,2
34,12,11
34,13,1
34,14,2
35,5,8
35,12,11
35,13,1
35,14,2
36,5,8
36,12,11
36,13,1
36,14,2
37,9,9
37,13,1
37,14,2
39,9,9
39,12,12
39,13,1
39,14,2
40,5,8
41,9,9
41,13,1
41,14,2
42,13,1
42,14,2
43,13,1
43,14,2
44,13,1
44,14,2
45,9,9
45,13,1
45,14,2
46,13,1
46,14,2
47,11,3
47,12,3
47,13,1
47,14,2
49,10,4
50,10,5
48,13,1
48,14,2
49,11,6
50,11,7
49,11,6
50,11,7
49,12,6
50,12,7
49,12,6
50,12,7
49,13,1
49,14,2
50,13,1
50,14,2
51,10,3
51,11,3
51,12,3
51,13,1
51,14,2
52,9,9
52,13,1
52,14,2
53,9,8
53,13,1
53,14,2
54,9,8
54,13,1
54,14,2
55,13,1
55,14,2
56,13,1
56,14,2
57,13,1
57,14,2
60,13,1
60,14,2
61,13,1
61,14,2
62,13,1
62,14,2
63,13,1
63,14,2
64,9,3
64,10,3
64,11,3
64,12,3
64,13,1
64,14,2
65,9,9
65,13,1
65,14,2
66,9,3
66,10,3
66,11,3
66,12,3
66,13,1
66,14,2
67,5,9
67,9,8
67,13,1
67,14,2
69,13,1
69,14,2
70,12,3
70,13,1
70,14,2
71,10,4
72,10,5
71,11,6
72,11,7
71,11,6
72,11,7
71,12,6
72,12,7
71,12,6
72,12,7
71,13,1
71,14,2
72,13,1
72,14,2
73,13,1
73,14,2
74,9,3
74,10,3
74,11,3
74,12,3
74,13,1
74,14,2
75,10,3
75,11,3
75,12,3
75,13,1
75,14,2
76,5,10
76,9,9
76,13,1
76,14,2
77,13,1
77,14,2
78,13,1
78,14,2
79,13,1
79,14,2
80,13,1
80,14,2
81,13,1
81,14,2
82,11,3
82,12,3
82,13,1
82,14,2
83,12,11
83,13,1
83,14,2
84,13,1
84,14,2
85,9,9
85,12,12
85,13,1
85,14,2
86,11,3
86,12,3
86,13,1
86,14,2
87,9,3
87,10,3
87,11,3
87,12,3
87,13,1
87,14,2
88,13,1
88,14,2
89,9,9
89,13,1
89,14,2
90,9,9
90,13,1
90,14,2
91,5,8
91,12,11
91,13,1
91,14,2
92,13,1
92,14,2
93,9,9
93,13,1
93,14,2
94,12,11
94,13,1
94,14,2
95,13,1
95,14,2
96,10,3
96,11,3
96,12,3
96,13,1
96,14,2
97,11,3
97,12,3
97,13,1
97,14,2
98,9,4
99,9,5
98,10,6
99,10,7
98,10,6
99,10,7
98,11,6
99,11,7
98,11,6
99,11,7
98,12,6
99,12,7
98,12,6
99,12,7
98,13,1
98,14,2
99,13,1
99,14,2
100,13,1
100,14,2
101,13,1
101,14,2
102,9,9
102,13,1
102,14,2
103,13,1
103,14,2
104,12,3
104,13,1
104,14,2
105,12,3
105,13,1
105,14,2
106,13,1
106,14,2
107,13,1
107,14,2
108,5,8
108,13,1
108,14,2
109,9,3
109,10,3
109,11,3
109,12,3
109,13,1
109,14,2
110,13,1
110,14,2
111,5,9
111,9,8
111,13,1
111,14,2
112,13,1
112,14,2
113,13,1
113,14,2
114,10,3
114,11,3
114,12,3
114,13,1
114,14,2
115,9,9
115,13,1
115,14,2
116,13,1
116,14,2
117,9,9
117,13,1
117,14,2
118,9,3
118,10,3
118,11,3
118,12,3
118,13,1
118,14,2
119,12,11
119,13,1
119,14,2
120,9,3
120,10,3
120,11,3
120,12,3
120,13,1
120,14,2
121,9,9
121,12,12
121,13,1
121,14,2
122,5,8
123,12,3
123,13,1
123,14,2
125,13,1
125,14,2
126,5,9
126,9,8
126,13,1
126,14,2
127,13,1
127,14,2
128,5,8
128,12,11
128,13,1
128,14,2
130,13,1
130,14,2
131,13,1
131,14,2
132,13,1
132,14,2
134,13,1
134,14,2
135,13,1
135,14,2
136,11,3
136,12,3
136,13,1
136,14,2
137,12,11
137,13,1
137,14,2
138,9,9
138,13,1
138,14,2
139,9,8
139,13,1
139,14,2
140,13,1
140,14,2
141,13,1
141,14,2
142,12,11
142,13,1
142,14,2
143,13,1
143,14,2
144,13,1
144,14,2
145,9,9
145,13,1
145,14,2
146,13,1
146,14,2
147,12,11
147,13,1
147,14,2
148,13,1
148,14,2
149,5,9
149,9,8
149,13,1
149,14,2
150,9,9
150,12,12
150,13,1
150,14,2
151,13,1
151,14,2
152,13,1
152,14,2
153,13,1
153,14,2
154,5,8
154,13,1
154,14,2
155,9,3
155,10,3
155,11,3
155,12,3
155,13,1
155,14,2
156,13,1
156,14,2
157,13,1
157,14,2
158,9,3
158,10,3
158,11,3
158,12,3
158,13,1
158,14,2
159,13,1
159,14,2
160,5,8
160,13,1
160,14,2
161,11,3
161,12,3
161,13,1
161,14,2
162,9,9
162,13,1
162,14,2
163,13,1
163,14,2
164,9,8
164,13,1
164,14,2
165,11,3
165,12,3
165,13,1
165,14,2
167,10,3
167,11,3
167,12,3
167,13,1
167,14,2
168,12,11
168,13,1
168,14,2
169,5,10
169,9,9
169,13,1
169,14,2
170,13,1
170,14,2
171,12,3
171,13,1
171,14,2
172,12,11
172,13,1
172,14,2
173,9,8
173,13,1
173,14,2
174,11,3
174,12,3
174,13,1
174,14,2
175,13,1
175,14,2
176,13,1
176,14,2
178,9,3
178,10,3
178,11,3
178,12,3
178,13,1
178,14,2
180,11,4
181,11,5
179,13,1
179,14,2
180,12,6
181,12,7
180,12,6
181,12,7
180,13,1
180,14,2
184,12,11
181,13,1
181,14,2
182,12,11
182,13,1
182,14,2
183,12,11
183,13,1
183,14,2
184,9,8
184,13,1
184,14,2
185,12,3
185,13,1
185,14,2
186,13,1
186,14,2
187,5,8
188,9,3
188,10,3
188,11,3
188,12,3
188,13,1
188,14,2
189,12,11
189,13,1
189,14,2
190,12,11
190,13,1
190,14,2
191,13,1
191,14,2
192,12,11
192,13,1
192,14,2
193,12,11
193,13,1
193,14,2
194,12,11
194,13,1
194,14,2
195,12,11
195,13,1
195,14,2
196,12,11
196,13,1
196,14,2
197,12,11
197,13,1
197,14,2
198,12,11
198,13,1
198,14,2
199,12,11
199,13,1
199,14,2









TestLevelD8
0,9,8
0,13,1
0,14,2
1,5,10
1,9,9
1,13,1
1,14,2
2,9,8
2,13,1
2,14,2
3,9,9
3,13,1
3,14,2
4,11,3
4,12,3
4,13,1
4,14,2
5,13,1
5,14,2
6,12,11
6,13,1
6,14,2
7,12,3
7,13,1
7,14,2
8,9,9
8,13,1
8,14,2
9,13,1
9,14,2
10,10,3
10,11,3
10,12,3
10,13,1
10,14,2
11,11,3
11,12,3
11,13,1
11,14,2
12,12,3
12,13,1
12,14,2
13,11,3
13,12,3
13,13,1
13,14,2
14,10,3
14,11,3
14,12,3
14,13,1
14,14,2
15,9,3
15,10,3
15,11,3
15,12,3
15,13,1
15,14,2
16,13,1
16,14,2
17,9,9
17,13,1
17,14,2
18,9,9
18,13,1
18,14,2
19,13,1
19,14,2
20,5,10
20,9,9
20,13,1
20,14,2
21,13,1
21,14,2
22,9,9
22,13,1
22,14,2
23,5,8
23,13,1
23,14,2
24,5,8
24,13,1
24,14,2
25,9,3
25,10,3
25,11,3
25,12,3
25,13,1
25,14,2
27,9,4
28,9,5
26,13,1
26,14,2
27,10,6
28,10,7
27,10,6
28,10,7
27,11,6
28,11,7
27,11,6
28,11,7
27,12,6
28,12,7
27,12,6
28,12,7
27,13,1
27,14,2
28,13,1
28,14,2
29,13,1
29,14,2
30,5,9
30,9,8
30,13,1
30,14,2
31,13,1
31,14,2
32,5,8
33,9,9
33,13,1
33,14,2
34,13,1
34,14,2
35,5,10
35,9,9
35,13,1
35,14,2
36,13,1
36,14,2
37,9,9
37,13,1
37,14,2
38,9,8
38,13,1
38,14,2
39,9,8
39,13,1
39,14,2
40,13,1
40,14,2
41,13,1
41,14,2
42,9,4
43,9,5
42,10,6
43,10,7
42,10,6
43,10,7
42,11,6
43,11,7
42,11,6
43,11,7
42,12,6
43,12,7
42,12,6
43,12,7
42,13,1
42,14,2
43,13,1
43,14,2
44,13,1
44,14,2
45,13,1
45,14,2
46,13,1
46,14,2
47,5,10
47,9,9
47,13,1
47,14,2
48,13,1
48,14,2
49,9,9
49,13,1
49,14,2
50,13,1
50,14,2
51,13,1
51,14,2
52,13,1
52,14,2
53,5,8
53,13,1
53,14,2
54,10,3
54,11,3
54,12,3
54,13,1
54,14,2
55,11,3
55,12,3
55,13,1
55,14,2
56,5,9
56,9,8
56,13,1
56,14,2
57,13,1
57,14,2
58,13,1
58,14,2
59,9,9
59,13,1
59,14,2
60,13,1
60,14,2
61,5,10
61,9,9
61,13,1
61,14,2
62,13,1
62,14,2
63,9,9
63,13,1
63,14,2
64,13,1
64,14,2
65,5,10
65,9,9
65,13,1
65,14,2
66,13,1
66,14,2
67,9,9
67,13,1
67,14,2
68,13,1
68,14,2
69,12,3
69,13,1
69,14,2
70,11,3
70,12,3
70,13,1
70,14,2
71,10,3
71,11,3
71,12,3
71,13,1
71,14,2
72,13,1
72,14,2
73,12,3
73,13,1
73,14,2
74,12,3
74,13,1
74,14,2
75,9,9
75,13,1
75,14,2
76,9,8
76,13,1
76,14,2
77,9,8
77,13,1
77,14,2
78,13,1
78,14,2
80,13,1
80,14,2
81,13,1
81,14,2
82,13,1
82,14,2
84,13,1
84,14,2
85,13,1
85,14,2
86,13,1
86,14,2
88,13,1
88,14,2
89,13,1
89,14,2
90,9,3
90,10,3
90,11,3
90,12,3
90,13,1
90,14,2
91,13,1
91,14,2
92,9,10
92,12,12
92,13,1
92,14,2
93,9,4
94,9,5
93,10,6
94,10,7
93,10,6
94,10,7
93,11,6
94,11,7
93,11,6
94,11,7
93,12,6
94,12,7
93,12,6
94,12,7
93,13,1
93,14,2
94,13,1
94,14,2
96,13,1
96,14,2
97,9,9
97,12,12
97,13,1
97,14,2
98,5,8
99,9,4
100,9,5
99,10,6
100,10,7
99,10,6
100,10,7
99,11,6
100,11,7
99,11,6
100,11,7
99,12,6
100,12,7
99,12,6
100,12,7
99,13,1
99,14,2
100,13,1
100,14,2
101,13,1
101,14,2
102,13,1
102,14,2
103,13,1
103,14,2
104,5,8
106,9,9
106,12,12
106,13,1
106,14,2
107,5,8
107,13,1
107,14,2
108,12,11
108,13,1
108,14,2
109,11,3
109,12,3
109,13,1
109,14,2
110,9,8
110,13,1
110,14,2
111,5,8
111,12,11
111,13,1
111,14,2
112,13,1
112,14,2
113,9,9
113,13,1
113,14,2
114,13,1
114,14,2
115,5,9
115,9,8
115,13,1
115,14,2
116,9,9
116,13,1
116,14,2
117,12,11
117,13,1
117,14,2
118,12,11
118,13,1
118,14,2
120,9,3
120,10,3
120,11,3
120,12,3
120,13,1
120,14,2
121,13,1
121,14,2
122,5,9
122,9,8
122,13,1
122,14,2
123,13,1
123,14,2
124,10,3
124,11,3
124,12,3
124,13,1
124,14,2
125,10,3
125,11,3
125,12,3
125,13,1
125,14,2
126,9,9
126,13,1
126,14,2
127,5,9
127,9,8
127,13,1
127,14,2
128,10,3
128,11,3
128,12,3
128,13,1
128,14,2
129,9,9
129,13,1
129,14,2
130,12,3
130,13,1
130,14,2
131,10,3
131,11,3
131,12,3
131,13,1
131,14,2
132,13,1
132,14,2
133,9,9
133,13,1
133,14,2
134,9,8
134,13,1
134,14,2
135,9,8
135,13,1
135,14,2
136,13,1
136,14,2
137,10,3
137,11,3
137,12,3
137,13,1
137,14,2
138,12,3
138,13,1
138,14,2
140,9,4
141,9,5
140,10,6
141,10,7
140,10,6
141,10,7
140,11,6
141,11,7
140,11,6
141,11,7
140,12,6
141,12,7
140,12,6
141,12,7

143,10,4
144,10,5
143,11,6
144,11,7
143,11,6
144,11,7
143,12,6
144,12,7
143,12,6
144,12,7

140,13,1
140,14,2
141,13,1
141,14,2
142,13,1
142,14,2
143,13,1
143,14,2
144,13,1
144,14,2
146,5,8
146,12,11
146,13,1
146,14,2
147,13,1
147,14,2
148,13,1
148,14,2
149,12,11
149,13,1
149,14,2
150,9,3
150,10,3
150,11,3
150,12,3
150,13,1
150,14,2
151,13,1
151,14,2
152,9,9
152,13,1
152,14,2
153,9,9
153,13,1
153,14,2
154,9,8
154,13,1
154,14,2
155,9,8
155,13,1
155,14,2
156,13,1
156,14,2
157,9,8
157,13,1
157,14,2
158,9,3
158,10,3
158,11,3
158,12,3
158,13,1
158,14,2
159,12,11
159,13,1
159,14,2
160,9,8
160,13,1
160,14,2
161,5,10
161,9,9
161,13,1
161,14,2
162,9,8
162,13,1
162,14,2
163,9,9
163,13,1
163,14,2
164,5,8
164,12,11
164,13,1
164,14,2
165,13,1
165,14,2
166,5,8
166,13,1
166,14,2
167,13,1
167,14,2
168,12,11
168,13,1
168,14,2
169,5,10
169,9,9
169,13,1
169,14,2
170,9,9
170,13,1
170,14,2
171,5,8
171,12,11
171,13,1
171,14,2
172,9,8
172,13,1
172,14,2
173,9,9
173,13,1
173,14,2
174,5,8
175,13,1
175,14,2
176,9,8
176,13,1
176,14,2
177,13,1
177,14,2
178,13,1
178,14,2
179,12,3
179,13,1
179,14,2
180,10,4
181,10,5
180,11,6
181,11,7
180,11,6
181,11,7
180,12,6
181,12,7
180,12,6
181,12,7
180,13,1
180,14,2
181,13,1
181,14,2
183,11,4
184,11,5
183,12,6
184,12,7
183,12,6
184,12,7
183,13,1
183,14,2
184,13,1
184,14,2
185,9,9
185,13,1
185,14,2
186,9,9
186,12,12
186,13,1
186,14,2
187,13,1
187,14,2
188,13,1
188,14,2
189,5,8
189,13,1
189,14,2
190,5,8
190,12,11
190,13,1
190,14,2
191,12,11
191,13,1
191,14,2
192,12,11
192,13,1
192,14,2
193,12,11
193,13,1
193,14,2
194,12,3
194,13,1
194,14,2
195,13,1
195,14,2
196,13,1
196,14,2
197,13,1
197,14,2
198,13,1
198,14,2
199,13,1
199,14,2






TestLevelD10
0,9,9
0,13,1
0,14,2
1,13,1
1,14,2
2,5,10
2,9,9
2,13,1
2,14,2
3,13,1
3,14,2
4,12,11
4,13,1
4,14,2
5,9,9
5,12,12
5,13,1
5,14,2
6,12,11
6,13,1
6,14,2
7,13,1
7,14,2
8,9,9
8,12,12
8,13,1
8,14,2
9,13,1
9,14,2
10,9,9
10,12,12
10,13,1
10,14,2
11,13,1
11,14,2
12,12,11
12,13,1
12,14,2
13,13,1
13,14,2
14,5,10
14,9,9
14,13,1
14,14,2
15,12,3
15,13,1
15,14,2
16,9,9
16,12,12
16,13,1
16,14,2
17,13,1
17,14,2
18,9,9
18,12,12
18,13,1
18,14,2
19,9,9
19,12,12
19,13,1
19,14,2
20,13,1
20,14,2
21,9,9
21,12,12
21,13,1
21,14,2
22,13,1
22,14,2
23,12,11
23,13,1
23,14,2
24,13,1
24,14,2
25,13,1
25,14,2
26,13,1
26,14,2
27,9,9
27,12,12
27,13,1
27,14,2
28,13,1
28,14,2
29,12,11
29,13,1
29,14,2
30,13,1
30,14,2
31,9,3
31,10,3
31,11,3
31,12,3
31,13,1
31,14,2
32,11,3
32,12,3
32,13,1
32,14,2
33,4,8
33,13,1
33,14,2
34,12,11
34,9,8
34,13,1
34,14,2
35,9,3
35,10,3
35,11,3
35,12,3
35,13,1
35,14,2
36,12,11
36,13,1
36,14,2
37,13,1
37,14,2
38,9,9
38,12,12
38,13,1
38,14,2
39,13,1
39,14,2
40,12,11
40,13,1
40,14,2
41,13,1
41,14,2
42,4,9
42,9,8
42,13,1
42,14,2
43,4,8
43,12,11
43,13,1
43,14,2
45,12,11
45,13,1
45,14,2
46,13,1
46,14,2
47,9,9
47,12,12
47,13,1
47,14,2
48,13,1
48,14,2
49,12,11
49,13,1
49,14,2
50,13,1
50,14,2
51,5,8
51,12,11
51,13,1
51,14,2
52,9,9
52,12,12
52,13,1
52,14,2
53,12,11
53,13,1
53,14,2
54,13,1
54,14,2
55,9,9
55,12,12
55,13,1
55,14,2
56,13,1
56,14,2
57,12,11
57,13,1
57,14,2
58,13,1
58,14,2
59,9,9
59,12,12
59,13,1
59,14,2
60,12,3
60,13,1
60,14,2
61,11,3
61,12,3
61,13,1
61,14,2
62,10,3
62,11,3
62,12,3
62,13,1
62,14,2
63,9,3
63,10,3
63,11,3
63,12,3
63,13,1
63,14,2
64,12,3
64,13,1
64,14,2
66,11,3
66,12,3
66,13,1
66,14,2
67,5,9
67,9,8
67,13,1
67,14,2
68,5,9
68,9,8
68,13,1
68,14,2
69,12,11
69,13,1
69,14,2
70,13,1
70,14,2
71,9,9
71,12,12
71,13,1
71,14,2
72,13,1
72,14,2
73,12,11
73,13,1
73,14,2
74,13,1
74,14,2
75,9,9
75,13,1
75,14,2
76,12,11
76,13,1
76,14,2
77,9,9
77,12,12
77,13,1
77,14,2
78,13,1
78,14,2
79,12,11
79,13,1
79,14,2
80,13,1
80,14,2
81,13,1
81,14,2
82,13,1
82,14,2
83,5,8
84,9,8
84,13,1
84,14,2
85,5,8
85,12,11
85,13,1
85,14,2
86,12,11
86,13,1
86,14,2
87,13,1
87,14,2
88,9,9
88,12,12
88,13,1
88,14,2
89,13,1
89,14,2
90,12,11
90,13,1
90,14,2
91,13,1
91,14,2
92,9,9
92,12,12
92,13,1
92,14,2
93,9,9
93,13,1
93,14,2
94,9,9
94,12,12
94,13,1
94,14,2
95,13,1
95,14,2
96,12,11
96,13,1
96,14,2
97,13,1
97,14,2
98,13,1
98,14,2
99,13,1
99,14,2
100,9,9
100,12,12
100,13,1
100,14,2
101,13,1
101,14,2
102,12,11
102,13,1
102,14,2
103,13,1
103,14,2
104,12,11
104,13,1
104,14,2
105,13,1
105,14,2
106,13,1
106,14,2
107,13,1
107,14,2
108,5,10
108,9,9
108,13,1
108,14,2
109,12,3
109,13,1
109,14,2
110,9,9
110,12,12
110,13,1
110,14,2
111,13,1
111,14,2
112,12,11
112,13,1
112,14,2
113,12,11
113,13,1
113,14,2
114,9,9
114,12,12
114,13,1
114,14,2
115,12,3
115,13,1
115,14,2
116,12,11
116,13,1
116,14,2
117,13,1
117,14,2
118,9,9
118,12,12
118,13,1
118,14,2
119,13,1
119,14,2
120,9,9
120,12,12
120,13,1
120,14,2
121,13,1
121,14,2
122,10,4
123,10,5
122,11,6
123,11,7
122,11,6
123,11,7
122,12,6
123,12,7
122,12,6
123,12,7
122,13,1
122,14,2
123,13,1
123,14,2
124,9,9
124,12,12
124,13,1
124,14,2
125,13,1
125,14,2
126,12,11
126,13,1
126,14,2
127,13,1
127,14,2
128,9,9
128,12,12
128,13,1
128,14,2
129,13,1
129,14,2
130,12,11
130,13,1
130,14,2
131,13,1
131,14,2
132,9,4
133,9,5
132,10,6
133,10,7
132,10,6
133,10,7
132,11,6
133,11,7
132,11,6
133,11,7
132,12,6
133,12,7
132,12,6
133,12,7
132,13,1
132,14,2
133,13,1
133,14,2
134,9,9
134,13,1
134,14,2
135,13,1
135,14,2
136,9,9
136,12,12
136,13,1
136,14,2
137,13,1
137,14,2
138,12,11
138,13,1
138,14,2
139,13,1
139,14,2
140,10,3
140,11,3
140,12,3
140,13,1
140,14,2
141,5,10
141,9,9
141,13,1
141,14,2
142,12,11
142,13,1
142,14,2
144,13,1
144,14,2
145,9,9
145,13,1
145,14,2
146,9,9
146,13,1
146,14,2
147,9,3
147,10,3
147,11,3
147,12,3
147,13,1
147,14,2
148,13,1
148,14,2
149,9,9
149,12,12
149,13,1
149,14,2
150,13,1
150,14,2
151,12,11
151,13,1
151,14,2
152,10,4
153,10,5
152,11,6
153,11,7
152,11,6
153,11,7
152,12,6
153,12,7
152,12,6
153,12,7
152,13,1
152,14,2
153,13,1
153,14,2
154,9,8
154,13,1
154,14,2
155,9,8
155,13,1
155,14,2
156,9,9
156,13,1
156,14,2
157,13,1
157,14,2
158,10,3
158,11,3
158,12,3
158,13,1
158,14,2
159,13,1
159,14,2
160,12,11
160,13,1
160,14,2
161,13,1
161,14,2
162,9,9
162,12,12
162,13,1
162,14,2
163,13,1
163,14,2
164,9,9
164,12,12
164,13,1
164,14,2
165,12,3
165,13,1
165,14,2
166,5,8
166,13,1
166,14,2
167,13,1
167,14,2
168,9,9
168,12,12
168,13,1
168,14,2
169,13,1
169,14,2
170,10,3
170,11,3
170,12,3
170,13,1
170,14,2
171,5,10
171,9,9
171,13,1
171,14,2
173,9,4
174,9,5
173,10,6
174,10,7
173,10,6
174,10,7
173,11,6
174,11,7
173,11,6
174,11,7
173,12,6
174,12,7
173,12,6
174,12,7
173,13,1
173,14,2
174,13,1
174,14,2
176,13,1
176,14,2
178,5,8
178,13,1
178,14,2
179,9,8
179,13,1
179,14,2
180,12,11
180,13,1
180,14,2
181,12,11
181,13,1
181,14,2
182,5,10
182,9,9
182,13,1
182,14,2
183,13,1
183,14,2
184,5,8
184,13,1
184,14,2
185,5,8
186,9,9
186,13,1
186,14,2
187,12,11
187,13,1
187,14,2
188,13,1
188,14,2
189,9,9
189,12,12
189,13,1
189,14,2
190,5,9
190,9,8
190,13,1
190,14,2
191,5,10
191,9,9
191,13,1
191,14,2
192,5,10
192,9,9
192,13,1
192,14,2
193,5,10
193,9,9
193,13,1
193,14,2
194,5,10
194,9,9
194,13,1
194,14,2
195,5,10
195,9,9
195,13,1
195,14,2
196,5,10
196,9,9
196,13,1
196,14,2
197,5,10
197,9,9
197,13,1
197,14,2
198,5,10
198,9,9
198,13,1
198,14,2
199,5,10
199,9,9
199,13,1
199,14,2